887897
774779
916063
654254
199663
935386
54994
638563
370674
286221
455269
221284
282080
746518
593134
457996
718108
203652
400800
325282
341543
678915
829548
218096
313677
778535
96653
891929
141783
629873
163851
227631
979442
583015
303354
597981
665027
718233
197611
775680
848534
95351
309434
860491
947135
82988
515841
717748
485040
633909
419734
750967
832624
739507
6457
11784
916741
379508
495379
865571
111656
878540
798191
366142
373085
231499
481529
632289
638802
597568
429658
477306
180550
249670
136638
945974
622608
684631
648104
6095
83934
427375
793119
492731
732410
961562
703487
544973
708400
803939
68282
867988
130031
215772
199039
142977
911975
980870
910398
506135
210862
728410
187491
391961
236737
523356
568209
773300
123843
952121
642533
58505
455586
161557
277499
936620
295355
929553
67670
787465
321628
4973
733110
626222
315088
755989
594289
661168
597496
16822
179151
468298
818473
613648
340766
78923
595207
449418
126939
139977
559711
854932
689654
209163
426153
972877
991600
868506
896904
880663
246635
546260
88706
126535
214234
816247
472245
301872
233572
564524
793800
599096
965073
899649
796122
413057
135753
639797
978900
375168
265697
410860
737537
213876
162517
301401
925582
95432
935124
753706
536241
489340
432705
273971
489764
563733
661007
684141
340299
482679
643001
992835
3698
243477
822269
294066
736055
389959
590006
254184
911557
598982
565795
243776
333632
830728
319711
607457
208413
51247
531203
602738
525926
741115
731323
41518
763662
214615
772005
446444
626949
106690
461087
905214
72186
258866
256096
880633
654456
454085
215170
74066
863037
775586
466338
533192
291912
920892
424947
484736
521591
315284
583215
60682
377779
37862
489297
582549
967481
990869
512655
591726
401122
253848
231971
7261
880948
785455
493033
650539
438799
429067
258447
185443
79625
702758
85808
786502
379837
359919
345720
270050
83658
706371
758656
849532
860072
271601
563956
869391
379663
313070
838129
204170
964811
384664
500573
786469
888159
295688
199596
36453
67237
665647
801151
373018
24461
142313
259899
320277
535559
516323
312267
740471
522449
555934
340890
35419
56233
11122
959396
453183
726965
952871
48737
231533
111031
75338
676046
603729
833495
603572
994702
890326
347759
831648
570936
15923
135251
141448
704214
584647
765167
461580
76948
690230
398055
914562
978429
98816
522564
953514
382921
891056
297333
158185
839270
396350
377601
532634
230803
844097
197380
735416
727656
885389
748318
253256
498661
697151
17300
840490
64126
436831
652094
978836
746878
598092
856157
116808
965459
51195
244110
953190
507828
609852
846109
456542
536239
902664
751559
943325
488400
774429
830325
522909
633780
515311
111034
458850
981489
527977
584597
674995
604995
410276
251068
387729
140881
435098
837485
171271
194776
270086
121069
930075
695976
982548
686700
573412
303654
344600
670216
163397
98912
219580
530626
806368
932784
8687
219923
550455
535083
249292
492701
188224
623586
760664
958280
803457
130478
42243
658787
719194
264189
830256
601817
134325
296065
444731
587518
671809
538553
690547
828475
765930
887549
777112
680023
548959
90625
148346
788752
175168
213233
36310
101387
898967
688468
131916
185225
545848
544696
98907
607329
404355
215216
61703
666556
188682
722066
588057
441728
831504
267346
461104
844476
402182
465920
534270
216880
953251
445994
597320
473131
186291
568733
964116
3257
925931
545058
214471
582714
720505
605630
915327
677864
375540
474084
341497
470525
488316
932293
888719
883160
444996
391667
402965
498998
533881
398425
482942
792113
65313
85191
942048
256073
816235
114742
592917
572836
414374
655999
864888
127923
177276
814122
473173
325892
391582
962064
391420
131602
790460
961726
664787
849107
715093
230615
346895
123890
780856
689996
718845
95612
785257
551420
576398
485841
657259
311419
687355
877779
821481
368684
627422
604381
927787
84478
37193
304359
119146
307271
693799
590230
288564
753738
362886
74326
332978
46369
542322
762574
563318
583171
776181
296133
358011
123333
952080
384285
7573
380783
87545
96555
723918
628849
952973
841228
69797
651611
774965
505425
381727
67801
107189
551254
637923
962101
290468
540575
300156
648975
186971
608740
359312
337617
174163
28258
34986
126778
961868
154538
298188
769568
314061
703950
587002
893444
513462
40855
407774
756833
937344
382481
216370
881118
989980
641134
547225
618003
824768
552822
983050
587987
210667
917699
657620
684699
715464
763731
511067
528035
803683
143042
690349
597512
346330
676550
956361
824167
243237
991208
332073
520815
603490
973374
743272
184840
484607
748214
444508
347127
452917
610968
982165
4773
307112
899753
525873
158109
920836
651425
830094
809533
137549
442658
175469
262060
552781
74620
706522
654850
809274
824867
878205
319566
107658
134327
923467
142
825883
279728
761783
204820
392373
494988
103658
723296
705420
655677
467323
109255
374806
481808
968354
661617
761761
873068
20345
978777
942426
421566
999668
485859
179166
571822
943200
925119
377935
380148
577610
303133
766385
663122
963204
596115
487431
840284
804962
461918
524456
81867
78297
452275
91185
656149
238799
353702
306207
992101
871530
297400
824547
247973
432785
282011
592078
344554
166239
465966
957911
235972
862456
673919
209646
213192
145299
503085
161188
186713
895067
12323
763569
407546
932234
962152
646073
782020
127718
264897
107153
846130
19452
66156
661372
246218
440771
367021
658837
900296
911053
776972
131704
650076
166732
118733
680465
420589
962641
439239
518199
502242
531852
747429
726856
446082
927659
686062
725371
334608
154466
167499
930305
55018
379812
342452
350468
654839
226889
308713
380982
470575
830319
983383
770318
90937
907997
424522
886556
82112
100926
157765
452761
300793
143151
761698
907999
302196
875496
832709
18368
448110
714418
737092
743029
683197
91534
782490
8030
16632
345978
539756
490548
322634
989096
39061
120491
332623
445135
707154
64474
918170
123522
910621
13615
119934
396652
946799
375858
607590
347254
78497
918513
480313
386888
413325
321
846974
709878
654888
259225
782401
994018
807752
45503
409590
113272
129074
251278
352430
56518
54540
400995
649098
796339
924061
841812
538355
144165
931058
88160
735599
459157
215963
889323
106989
939211
189306
346651
967234
680866
656975
296633
121295
779314
645649
673769
616025
981826
995797
27712
991953
500005
447577
612617
193655
296413
508566
365449
225749
57046
900531
156520
400910
364245
43794
118633
282672
733466
397712
292617
983150
545062
309055
767608
118160
467236
112615
682804
420954
988293
897285
935939
297910
472378
111123
997988
10498
538546
399803
871691
402849
215891
454073
817634
72830
68801
810657
762250
301755
734241
49559
960415
402917
125180
603907
222905
620318
79715
954282
718463
134091
339464
817790
818846
543262
778927
218677
132204
801499
39280
982430
218413
248691
330454
274251
245403
727417
511508
146757
360863
17059
427299
701525
667659
213151
869124
417146
394758
430168
167865
153149
670174
742067
555736
946642
49244
435752
87253
363969
918751
606859
789738
167111
616283
425691
503401
791062
725614
740697
608977
396766
448178
452836
289251
599725
511680
569979
642658
832583
704281
360368
985222
161856
409396
697502
535675
351382
607054
604324
602261
851179
461048
710150
26524
115253
842711
83237
800714
628801
701274
880469
186419
45679
22807
366019
105952
437317
903021
296387
949428
285341
806529
470404
378657
320201
794329
704933
731990
48132
658691
194763
955568
639387
74467
369393
439720
375648
558452
970435
568325
76511
213786
991393
41524
429307
599431
65050
246026
967164
501780
302444
261626
498555
282017
802923
901706
626654
126691
960206
476623
550509
57460
490341
154998
952260
180456
226937
213831
391727
87239
790163
527120
463050
834757
768718
46889
226506
360229
136267
190899
962095
147301
456336
974791
579617
377189
71111
457013
174621
478204
653126
317672
597733
512912
269644
29542
306484
273571
646415
843213
913619
642068
96326
735976
23781
484836
926691
755142
329926
134331
650544
15540
126469
124453
49537
935808
872710
944648
434672
658953
898772
694005
652298
862089
783550
158605
151869
973765
51987
564954
898632
933524
808874
78828
286169
36130
615651
131453
30689
557447
701321
225456
921083
929574
302329
449509
331991
904518
302001
780674
758926
33834
226669
269531
502281
641533
577770
787214
805577
465091
424631
237670
380859
908323
338164
284120
520133
827289
700211
387963
9614
25285
223874
366800
876297
867141
47982
96966
826439
728667
906456
40565
713561
46008
250408
815255
256122
842056
962585
68777
48138
454699
286643
56977
310811
496232
748860
800842
442319
567146
435908
966400
615608
262792
788992
97886
879811
605392
388081
29925
980086
446284
388730
567850
9022
642366
530463
892962
723214
126918
904127
399861
324998
772637
673011
138345
288998
144861
524493
105745
465094
632459
714306
509395
22375
848457
553790
729549
711108
848849
454038
905350
542967
491589
51436
90848
232812
236600
942702
960213
150406
53877
265360
866434
18777
372219
911793
117851
562407
690740
441432
659481
113118
697047
450252
212740
582730
181713
536058
123299
231205
147252
534736
203739
115327
40119
171261
593141
728941
350865
988438
652654
47985
561313
109376
768437
696612
536117
793497
986880
392520
797802
377043
194372
681312
315188
692728
619563
506765
290513
135237
462253
279631
679783
474269
623728
633824
319373
249074
305167
899376
894689
655517
942467
647723
88802
926649
967779
393684
866354
852494
288026
48796
893627
128930
85901
368978
212374
410020
378175
643514
527193
584439
210108
785965
480403
736919
978532
360370
326601
656651
586499
969233
169857
378552
173877
706566
236492
133656
51636
581122
41212
802447
662181
940243
907468
679810
406080
12553
73382
462318
474149
92602
357455
516865
520192
620497
958358
658974
812035
562467
462503
698638
459924
30275
413672
855044
261861
451068
575563
657827
28657
724253
244978
880520
684428
636215
661376
813152
533889
268053
889863
545697
990946
941794
398323
790679
603816
191412
328606
976517
985456
526500
102714
934955
149278
477459
889906
518410
178078
919936
699741
629194
381332
627887
886946
205052
230886
32630
87427
135866
278878
650478
610567
882171
618950
578020
823348
714541
893105
619223
442384
727570
62782
82490
214174
342148
97029
246598
381523
416956
142327
298319
970430
564943
243898
728150
504507
142088
159481
778501
871797
597428
655397
790123
343059
633763
288061
268128
508130
586341
205855
580919
445455
756208
28565
336141
845855
992946
213332
248850
799928
562531
995305
185737
921209
804015
994493
180797
480130
827465
643538
692502
670523
872344
36652
577221
141545
504515
637622
477402
489012
288589
184561
856688
819922
970487
962473
992907
604
285114
527088
302495
520823
240629
973695
494615
808295
892570
588389
660148
541791
644164
472589
813979
29777
471791
180923
415600
781405
457162
780111
907150
496995
508158
408699
626955
94056
316517
873747
129972
419063
668407
875618
672723
500373
922826
688370
390042
163177
412976
994421
205004
825421
296878
639904
382901
845457
736044
66530
819778
779023
952640
812211
9079
194882
180239
707989
19267
364237
749654
283795
684828
801711
920524
744858
397410
737408
330570
441177
486960
297785
802586
443414
538904
158594
99564
360607
737124
353620
595455
241184
66097
166993
950942
271611
503302
686154
738749
938680
343370
649597
836403
958094
732825
955749
187209
355528
698695
185581
536666
798899
929939
128745
399892
632166
70500
247381
145129
319154
22026
887205
451127
223274
219602
272397
431293
642700
367711
133090
606639
674384
916424
260193
236864
115363
967361
553500
315062
456381
164618
145979
202263
204693
583156
61405
586140
855058
277983
667576
487320
895172
281246
127068
664093
375302
246759
205994
954507
535132
200198
129159
787222
456638
436681
711716
930403
696304
529392
353617
578262
436996
879398
407095
533819
491817
486035
712812
203953
90220
350010
906267
148414
320996
786580
827277
644709
925571
845228
807198
477153
684319
91172
593290
110350
657888
721360
796728
685899
930249
395766
642871
986453
24315
858075
140633
400575
117299
856466
304190
492798
274856
544699
66435
609288
47677
234598
792812
406647
245401
202028
938988
34716
626934
632259
821028
986431
912859
527180
263357
812763
832165
173169
989391
535736
966260
822946
687453
741960
800029
228694
111473
961475
228009
371410
592650
302000
964825
443803
226583
743300
243801
9154
409442
442426
273088
32989
400879
517218
626943
310605
923198
856112
580532
775711
153821
420433
807227
840063
906712
875495
134498
765995
853237
746377
522939
60571
157239
646963
198896
776261
167159
493468
115634
873532
3502
57411
407034
877278
24713
351865
484797
917024
606653
794713
557285
405033
883764
208485
375487
699998
138018
209412
604106
76111
703385
974854
743120
56743
465340
477760
7729
541225
532827
420134
847278
233707
149446
533086
43858
458704
437755
548932
379800
388706
763256
897857
536047
78793
425680
875932
116328
173222
510808
155696
603053
392530
786575
487994
305642
100666
693375
359618
461946
477110
529713
969206
197347
313300
819606
864257
144123
326380
289127
22013
432667
794316
979852
846578
178003
974271
510624
535952
522486
691212
295825
295099
144751
992912
955260
345620
592353
967653
735598
585122
996581
774602
710904
117951
912340
376240
892693
285245
64562
900460
26754
19851
46419
682881
807830
326345
171286
510780
479191
810052
447847
22595
896185
612149
737160
481792
299087
477838
518663
789088
90045
560012
559797
991332
919925
4363
334135
451415
86889
681994
679250
217913
601937
264297
912479
512553
248194
963039
339609
68988
754264
456529
479414
48813
507542
744736
239276
764518
524797
666775
775603
620775
317698
379704
37818
81414
926025
457475
91693
616443
223199
298576
520100
459217
455379
963583
776058
851912
449038
883635
559466
764027
23079
518993
810665
67609
390187
703017
773752
378400
770546
479382
192545
978216
518855
374904
765224
861492
529562
993043
248856
736825
830420
237514
669713
557410
231526
812436
743115
470331
941054
720300
254507
599790
915925
980212
518124
313321
233065
924127
199599
326323
869538
83724
415088
854388
555608
899858
818468
609302
835221
429874
235212
351564
818303
814550
570135
715802
683102
211468
970002
241803
841048
341823
675261
533418
716885
89334
533504
599319
992764
867413
498184
173670
365681
780464
543738
584974
859653
935925
646306
235183
118664
339438
987260
763190
866670
254248
837311
375180
143611
429337
78223
393572
962054
753965
935064
428800
71758
46540
997075
729218
452225
855967
894637
163082
663786
465462
283093
134543
377380
522022
624615
854142
843110
427987
955902
673398
439162
121877
825915
449690
41980
1138
382943
395940
482245
832613
944986
684934
109118
161677
802687
333272
631705
183531
544117
776285
67424
540249
267150
463160
5764
243796
25528
918547
879839
873868
820247
145475
28066
196629
249597
15761
654795
808555
775007
272948
589134
162555
257417
626233
496499
92693
1681
337723
811077
79768
720779
450205
340429
748709
751826
185335
392622
840635
579022
96319
750743
522701
544569
3736
315111
170861
109914
485332
568620
386560
767766
139164
479571
243121
324053
266416
83335
469137
188745
664376
838478
936736
439617
805886
154702
390701
444375
573759
837321
524601
436431
4660
290365
303369
710219
22239
547104
852985
352927
356867
530270
943309
408207
465729
290750
510146
418162
757963
327761
16305
24998
648969
88663
129261
41945
784466
968198
952808
558995
348437
767599
558023
867833
97251
634846
533491
638977
539968
75137
656451
978416
401852
163786
839054
464201
268977
549178
888276
211362
266121
92841
21954
22247
265162
572789
930136
35975
751748
160299
540169
470046
295627
651902
450999
855579
111319
964777
893406
212914
68100
579811
251705
478998
873057
294707
449945
152492
706214
882353
56878
2575
422084
185970
592257
647253
533943
455628
819568
445505
469570
589465
451734
215899
95168
421504
798095
338918
788441
562772
447059
915071
910428
964550
171869
702980
782383
270923
194280
986100
599916
139250
276228
734708
553378
782065
297107
925728
550790
641645
467424
830232
564717
479764
989833
429308
354487
799104
916823
185448
826566
646378
286638
213424
428994
101444
974264
448025
163911
68395
861552
874742
235245
356743
616435
749034
128222
248904
802171
267040
453515
609417
6579
899869
599696
833946
313460
868352
804058
57671
131230
936379
631275
329019
768471
539792
381681
592053
199910
236663
396629
472498
730442
796385
611407
435665
667937
621723
303177
627770
650576
835437
851345
433148
413986
373415
649030
909247
847016
110062
442631
146806
29271
706673
345657
571015
17636
15820
143937
742252
46991
655820
59431
113849
822739
128243
25108
947523
57323
729951
259741
805811
605370
379852
336025
36344
768551
644035
50412
978184
608775
927762
129868
391424
354630
932629
473694
293758
141110
757418
401645
343369
60516
219936
315251
346116
923504
630392
720756
345224
135146
995852
469852
759629
974659
153451
8533
642335
222751
877285
770668
303634
72256
714604
705084
546668
403507
836793
124307
12586
919840
779849
398499
820617
407850
154077
502851
723786
175903
362240
357306
745450
790442
417149
992577
680800
819850
775362
380916
215698
352588
66121
162138
425792
330653
756595
137060
196619
515759
933368
966882
488312
582641
292434
680924
280888
423848
580915
68977
987102
829767
393387
283712
241458
214003
101448
121933
561357
573059
579873
866278
751291
561538
404615
26284
489139
17047
953541
57366
30593
476851
609359
868248
877821
79558
467750
840916
832087
572512
908249
352484
836830
787614
917314
35219
897149
223765
371939
111229
599386
772342
112472
252524
416350
386377
851209
125793
634428
25215
950799
626176
135417
272685
529378
355419
457140
288479
557780
169228
789775
422280
914648
630748
645819
488022
371976
326072
230795
297627
759653
46662
983215
442016
148622
442453
412952
935954
934399
441578
642895
828342
246614
51049
733933
941153
965895
760723
842285
480052
417961
147212
787024
830639
790638
70906
997270
31756
659373
204159
99593
244821
545644
638404
430915
94949
417440
10080
375921
46738
823672
131825
868064
887562
722070
247296
505459
574794
124942
286683
872861
485970
54928
59225
963007
391276
993886
805814
689486
605137
807832
159471
542767
741584
200426
874876
874182
486630
354902
941681
222416
743636
236365
747666
544185
115512
807004
965181
945627
173726
755703
23635
878814
242045
3102
93315
818548
162325
503410
658833
451152
856021
885243
561341
456083
377060
636434
233122
639477
30001
623863
317811
8366
530445
646523
321586
204535
187430
771355
546652
741096
975402
583631
915655
855490
235520
915040
637718
219337
973600
724780
579660
690732
989545
894318
805868
295915
858481
242358
931460
736642
363779
322589
293140
248063
107219
845872
474513
594677
200825
614717
732652
156331
819801
621792
399563
824462
873950
329028
75890
178097
148593
240661
645019
218132
256035
313469
249660
80338
943828
760876
737760
551691
957896
35928
897949
489208
821231
757156
164345
866869
860290
225273
936237
428257
991431
430994
474546
774721
252154
106318
254333
861085
191365
908955
973675
972999
678969
131938
502839
791839
437092
510931
721508
453395
993677
907521
322576
527999
534199
734554
925003
697201
593227
234411
522585
68605
535767
73221
101203
226679
289038
519276
230781
526610
669823
51732
800957
559835
684356
17522
280427
835572
592976
588908
841296
204852
445721
489019
720843
806906
682690
906412
654523
544080
462853
759261
291745
872176
491216
926347
88910
444208
226231
99755
985180
913304
877464
78730
480087
623507
391590
871807
503559
225087
198858
76808
218791
806486
229531
802457
450112
117536
873159
143452
853718
375203
457508
445605
743456
248253
712425
788502
106167
617199
227970
26694
347737
670332
295786
105342
27483
433000
831026
556390
69281
127388
635415
363911
485772
895732
751791
189974
6642
692626
22103
748906
941148
864566
993256
131371
835540
124511
626760
766856
970347
402940
124295
828460
781702
963024
148060
286843
993841
614199
376403
785327
457523
789896
839780
520323
19118
944371
958617
132788
307936
730892
642052
619952
956315
331302
93359
437858
169648
821655
625552
472837
134288
48987
18461
117357
195884
653914
522759
464487
266722
286729
36342
249550
879200
562347
546500
979767
195391
280365
418780
392248
240371
925176
526808
789212
157258
580698
201904
853739
198460
524262
263576
583334
504672
723434
473498
308241
570788
209660
747277
607788
796423
614595
316441
379048
864059
289771
222059
17392
428898
799547
327630
473737
658849
826088
742938
881129
771296
615083
340850
188093
460722
787370
911788
728344
561302
868350
636431
515126
104482
135221
832828
208115
250863
399780
567824
502298
15156
758847
773441
318765
339345
226337
650585
54719
114529
433251
827093
846589
856483
441377
917992
414631
665305
477776
720429
632199
71544
907512
181360
127462
917450
984889
975614
662886
57745
30688
979719
901132
148487
137805
732169
523674
70855
796870
379368
114829
671128
953226
757683
649673
401291
479670
987301
612056
952796
309233
827472
41013
348557
580929
858455
28959
607260
297341
98501
858900
688917
319992
446337
967420
624313
87940
274516
277750
212668
330886
675841
176300
406434
325070
13805
28198
819419
951074
98691
445212
383232
569571
66111
961589
416320
54397
936537
373799
905059
322806
683349
939847
424060
100402
437216
358611
79928
333083
927867
916422
834592
789649
149272
473391
995262
238550
780274
930900
32807
99720
280432
80260
578766
906972
87681
83259
893035
368669
941391
536254
744933
980734
284948
988334
928073
150916
64477
672371
693521
846124
329590
775292
154847
288195
475742
543014
25766
659008
523730
996008
188833
544258
413803
323545
688519
537606
457102
939656
285170
44948
723457
886282
550432
96198
531494
283475
120745
560664
59051
164125
845163
909942
450348
71145
35509
770429
526962
36348
636993
310889
31905
683718
30789
910121
850556
786875
822721
35080
746824
152936
821348
96693
54972
344343
359720
108962
921469
856061
269989
916570
146033
446106
778463
547978
829039
210238
290691
265853
623656
722843
123400
28922
164797
740071
700641
927462
426879
272961
65329
924064
872170
156388
747806
553749
238602
966060
87529
531498
428905
253108
717640
207330
673298
844453
446673
395753
849505
387230
950699
878342
53881
508281
806162
335333
639354
480360
293694
750095
689894
710560
454664
264867
143356
539514
739074
897948
149661
902926
342426
601262
322244
958596
794767
47062
469595
394123
905665
527070
808928
63610
437625
182966
139522
39262
385041
750888
712457
753479
332465
390309
39259
896131
293561
216136
424524
534096
466165
198824
693737
417234
336066
266599
163101
606038
86634
975457
162771
131874
206003
250940
560233
832377
385384
647806
631669
594050
698849
272912
681463
149977
177832
710524
935782
323290
640077
646917
568429
780028
352723
411368
983903
275971
697831
500267
591107
636982
751600
173457
133879
90994
45109
295830
174343
821071
160208
591486
401395
260144
639098
851193
547936
465043
66083
194743
952222
37305
923601
428038
428234
566874
297460
466533
204287
585938
6332
431685
309107
54180
659472
610527
355242
971973
956374
447298
53276
461308
92025
892804
176282
519151
75719
62107
408520
234778
65165
799182
203259
683
422563
692397
916755
790462
505736
761838
78081
429880
841334
938780
41409
104572
72586
138294
257016
453840
32704
689545
292300
708312
748968
31241
332146
561095
879537
840741
941399
253127
3425
927987
680025
876449
938848
525427
888376
990960
425270
555670
75176
341841
16433
932323
718367
954930
622271
924518
313046
475181
598336
563893
969259
188914
322531
385463
11003
452950
530404
880014
785868
155600
976622
479549
295546
507079
806364
792585
447721
51482
437048
465524
288518
189982
282119
577208
367990
523001
833847
433765
204137
985762
749387
129213
828883
75546
62126
643708
677179
648440
350334
481671
96535
900282
451419
894431
189904
435992
226791
533645
311908
530910
962158
774737
576598
666477
585708
134907
709137
781984
973870
794643
199226
98953
343911
169519
827659
487748
940082
950190
381787
551710
807050
622229
508812
992332
733028
314240
697078
50566
781661
642753
37726
831037
33006
504163
907077
782843
685671
247856
780692
490330
264418
683920
667704
690442
377082
632038
417384
286165
354442
546659
124729
570223
830762
24763
816872
973084
571518
173356
1639
39702
796029
984097
484447
104560
186614
69394
344841
348822
951170
242939
453676
232729
974880
541995
86995
986265
269944
701
637789
574688
841311
627822
756698
791182
749524
565607
838097
197984
714620
204776
467142
956637
144856
970346
785005
3226
374953
936177
880611
260630
686692
10106
428904
212508
1408
824778
858076
336978
19485
120025
93529
62766
51129
231344
887449
112038
299218
658861
663276
362304
536965
543526
442508
577730
331807
508751
288282
68510
196059
962737
833754
261184
957004
850318
699184
899447
933338
827907
329129
978072
326853
299800
973914
278245
892956
73423
38102
729548
335398
657666
680101
312896
697613
736675
715823
762327
158423
226981
885980
773595
309914
169317
790476
692543
11885
971048
88951
385233
851267
103619
824554
14745
322347
256246
201769
706986
401534
601666
412589
395255
970890
917381
94169
124827
233043
758174
219358
912306
238212
856166
486788
903548
342036
136339
470589
134116
414712
258069
275515
338068
298225
729008
126337
754989
605926
747297
125730
853761
416202
597263
973052
341458
930841
830128
82463
686680
521007
945150
960153
43664
120358
438756
18214
173239
715763
435588
124177
846714
646751
694271
918920
699194
149242
118808
928876
110683
255385
907650
53735
537110
618489
959160
261982
984859
391828
736719
174607
339224
364300
811542
549348
173000
212422
776381
996640
422213
644091
188902
350021
131745
467090
906283
714457
636912
540634
868253
839452
657056
173496
581474
320550
24438
124886
378853
354925
316871
977484
719535
307421
261042
608674
964330
330066
180069
7740
133762
774349
554682
877114
622173
860197
944024
633408
568692
227053
184764
818672
843730
941256
760261
373645
604512
230117
41667
750627
581428
721358
880599
528377
974514
588050
259725
353096
235093
217114
404555
521274
454974
977314
165951
635977
141932
124439
12988
499486
290572
20053
831668
647740
309014
84564
92175
295259
592077
576830
93322
749187
943582
360749
65269
220875
151307
712538
703604
225633
785572
47662
98398
895768
957053
390625
473805
605736
325009
240490
177147
468932
315388
526586
37099
919964
664543
719000
14702
608737
497510
484522
639849
813251
544108
757465
514237
281023
32664
250422
985810
968218
43053
731978
492647
816103
743059
498975
679797
59368
685985
142600
254934
679466
636767
37329
536812
578366
659040
939869
244317
853500
253195
256054
804033
933294
660617
899929
819144
439685
379731
208891
890460
574045
642331
255383
636635
936151
486478
686285
160076
626990
611670
151543
154164
469293
323704
155613
106533
643020
420797
423853
544769
985791
572439
534970
926624
580807
661919
931632
833502
467846
653579
676479
356503
978844
742435
607498
541690
472020
504468
833051
696547
482270
804090
250600
693844
566122
115727
224128
275327
143890
23144
590209
884301
17252
685019
289218
607900
573858
836391
73376
813808
763980
106025
322078
19406
613985
688178
716223
267776
714437
611947
172098
210692
662252
664069
205975
868641
941449
897465
793584
508077
22518
314104
476022
83485
104935
992767
639390
230495
492205
416867
637717
780827
113710
291667
370201
991360
547810
233339
742590
870256
696069
753283
695574
58258
54519
738985
152230
324662
302118
672633
800501
658205
961365
220830
24106
87003
260225
361316
938513
992152
966910
153763
42789
898218
551867
290028
462626
930079
93567
107533
150225
416343
602082
329135
676254
80157
627433
607328
994566
996118
16278
951781
384712
199201
199589
298065
531473
812924
240505
37502
286360
169427
415716
76637
201447
492123
981591
284652
646302
998665
569914
911391
796693
238401
214082
534574
779877
654692
465291
351560
253928
331877
706037
89458
289022
459891
335853
415034
608713
87722
93080
446255
119503
693474
290845
484017
561145
648928
788257
615831
964040
874766
765094
782556
31700
98885
630011
97512
904045
950252
984238
18088
76633
388723
475683
784372
562160
77217
973293
190866
398252
764139
718806
534517
499766
299772
976772
723739
385993
101974
557281
905050
356607
693740
229488
626632
345819
69693
592443
900126
487247
117833
173357
672898
247283
614559
99928
287416
563925
399514
917202
169625
444244
329626
230954
235270
330610
386511
868831
64278
709684
111342
309446
350278
954335
873656
297756
513195
405984
960314
691344
759839
430883
676679
792633
107012
793897
470457
410572
543437
190470
665962
983726
696278
414847
286758
513573
658393
853954
615352
120131
229868
670284
770200
767474
106410
224233
669330
48655
463560
748398
715587
930261
453513
252870
588451
362548
798767
403776
193380
24722
811225
912448
671888
782114
131221
718209
433261
808650
961328
153228
421580
53238
581892
689479
73247
156533
810031
302893
428592
45193
885896
324151
39860
531760
194786
79245
865317
425198
515826
946110
401343
529980
401494
113790
156995
304891
3358
128374
61031
570863
20926
95888
701339
986281
670550
949279
675265
303386
850316
328000
982151
21871
438370
341679
458079
38588
184052
129373
632709
713867
24364
459573
35142
467923
340155
210343
92984
782694
360133
941963
211770
140191
322085
93087
658755
63086
734054
791050
23799
281754
106774
452080
34266
500197
577150
790087
45922
961545
60527
436969
7893
989093
859832
566975
280877
762077
240503
59460
168978
882050
988373
617824
607156
487756
583143
450355
951057
969703
925925
648003
345976
94393
742768
382912
568819
182976
896606
197510
705235
645670
824352
475772
785758
505453
131069
933778
714544
406788
603372
520866
517618
527178
156167
787142
344955
436222
430672
386266
762156
134250
616006
584853
642561
681152
235589
25073
552476
162295
205255
811193
887152
553834
4859
93546
248557
411172
716030
43396
377161
854216
259652
253482
186616
135636
863795
125583
382761
726671
8879
9313
792973
766803
716965
209261
953934
571701
106563
681995
855173
76204
350249
478740
294747
938186
877210
144184
98678
174976
240339
172435
307601
893446
438060
811453
976483
472134
598105
120628
549374
494391
484785
540086
608498
652510
119926
814741
737933
19519
136082
85741
671873
251872
24842
766581
541203
39461
392070
891588
994450
292403
884300
316323
987413
442782
760160
464521
981393
8208
476727
636902
946910
822084
234385
112315
188307
417976
611359
816194
24256
21795
143672
433674
693610
910877
820870
220610
607219
476593
35361
971938
526142
414997
775428
338946
592463
948832
179411
86681
516636
501788
460383
754699
594912
560731
400017
184003
567790
300628
116085
22485
272508
707757
718779
353913
302322
699149
589177
949461
244725
9116
102716
11522
141493
856260
716406
459882
35489
127969
656639
458803
756124
984651
472093
719122
974161
19372
593531
136744
851963
287373
463847
50381
447280
4862
221872
692342
825487
865580
521117
889073
719481
78380
595236
469975
826582
701742
511096
397887
223461
701510
636779
716751
957873
170601
532146
851673
189487
619421
211042
17427
406318
949733
378841
878670
697678
37422
339285
566679
875666
234922
404943
203993
898489
490299
925202
645000
980092
173277
173195
6500
373034
190175
899158
523553
895621
179763
274723
396095
248337
474324
859216
295703
706330
371188
670905
670167
62853
360400
15261
159187
136540
889744
401419
82076
692605
697624
40504
605968
34862
127168
729661
538195
988517
68542
453403
284757
739460
765924
211169
419634
404377
291948
780776
374187
917990
477312
683494
73887
112651
498808
323396
64570
121772
459569
773831
835130
105417
363150
62818
445677
451392
861824
987596
279974
312698
385830
353678
357470
197756
294320
1989
849569
121528
887155
993889
818147
756711
721067
672545
624703
907458
861236
107544
301804
755172
489622
531215
946768
603278
628756
354129
73924
11739
81828
216352
191358
654902
103139
802159
570098
727662
439232
293195
679412
413531
339952
281307
689656
34632
626164
857485
20885
2658
891513
260217
903320
674801
180884
274470
174833
594150
797851
763689
970652
334256
424565
788028
819665
201655
234451
244730
149158
907328
368266
966966
756356
404935
496183
91610
596575
315477
516599
336787
278856
383059
326365
163791
971717
850320
517542
388858
365140
249342
440195
563771
383582
922950
460728
576375
992890
261902
442316
427400
725713
29737
280124
184925
806505
505066
275067
436267
869784
252165
897173
23484
814728
801197
34523
360883
949269
133082
373200
93872
939733
332353
445193
409787
961559
836194
960487
754906
608698
3483
877743
508166
586042
82721
853231
30916
946597
886519
992635
364071
7090
657819
95094
707453
609189
712544
424232
535060
298596
181664
508544
561400
240007
170704
776719
233376
678056
759322
523255
980979
60214
804935
484712
529894
826449
829181
783311
422139
71150
112211
440611
812205
116691
555297
336966
900190
368091
56216
6607
323950
916979
197961
509007
733824
581507
4319
70137
521088
480086
986412
79969
622474
877073
456516
828841
245129
334812
853277
836803
597478
124777
867815
655979
696164
374457
396059
289113
102170
596856
663960
324738
670454
859656
982214
844998
929404
600862
651436
612213
753519
203230
352600
276940
370016
696524
66757
31350
432197
225665
206324
436152
368375
540631
298162
638241
228747
423630
84453
374647
459574
494926
780262
660529
280599
713346
829900
585637
26916
385102
965035
148093
780423
821311
948234
946398
803953
592653
341389
508509
212625
704272
393544
870504
811717
917266
303282
219155
18168
211297
702627
7270
533211
710858
795512
640163
395247
821691
663362
366591
780732
57878
796391
216036
156319
614523
967815
153820
470939
147872
702747
187197
815403
614904
98498
477625
524
618855
641725
654943
360492
770510
324116
456193
326538
859571
112960
743758
338550
493927
493539
641107
816297
506269
624386
976537
701396
592073
5780
784868
17724
329619
897220
962644
312673
137375
290709
290464
465908
717490
461723
196321
903107
863675
250359
844669
832534
159248
383287
739892
313848
537421
449972
727485
3374
366044
549561
477431
562500
278043
835106
871616
193790
155597
569392
322127
320805
921685
138705
890901
643230
411651
980836
378487
694369
565106
18639
890433
255306
90333
680956
707290
851437
525723
502226
718633
203619
480940
491908
878589
291473
311370
757382
949654
435932
684902
603373
863542
221518
230916
338692
593342
414126
545225
162613
454405
456151
830903
45642
94470
681399
202425
76946
599806
273435
660953
726673
515011
872859
820288
563061
663231
386478
370777
786370
86157
556067
664937
470638
519625
787335
299232
401694
827524
790486
648152
126197
27572
937742
405181
876436
872022
423072
571004
524002
442936
434384
675737
446606
684815
94521
961733
106451
89958
563302
616295
280667
374182
110284
434773
510992
754291
839858
139503
58381
958188
428993
469788
601833
422860
951273
951084
278803
623142
456530
774376
388449
815018
856887
575315
758785
381067
843814
338199
913903
450531
874684
446057
266557
82194
390586
573147
560251
811660
902377
858835
692387
583100
114809
263657
217384
989442
2881
37893
128075
6350
508542
160162
14695
213843
369189
7830
657003
417930
636475
210024
891034
795574
927844
734080
203141
440718
54810
801259
86680
46051
619280
668538
595118
80981
434926
476296
17063
627668
639937
571601
886045
905616
349237
969453
292267
816014
632314
744905
204912
298851
338008
680531
806309
462911
975081
674335
567025
698259
766072
345222
211326
615866
154464
315068
112497
38493
137889
998667
193500
470438
648094
329909
495229
179555
231886
800345
233561
947681
327224
534167
780273
553628
233045
560911
753371
328011
614492
619880
105994
611962
470295
73501
828356
685728
660476
510527
300172
359362
932012
573626
492056
535683
804904
351182
352944
524401
256717
289715
158332
722536
110587
184933
822185
382311
432199
206858
851929
534728
557594
309521
671610
620286
421609
571792
457574
634871
140962
132795
802055
784458
529810
483394
135504
423674
233693
7405
433173
817155
137653
803143
680138
885532
733898
680268
560350
791913
343540
83844
995482
699645
973824
793961
516769
987270
365023
89691
32600
60968
268435
333061
408073
505166
859608
461204
426162
784171
586319
691782
779078
207310
581636
271205
63732
190114
668030
21154
521559
683903
201671
409650
338952
910270
377751
783527
38872
608156
446432
170225
724614
576783
612815
880504
17467
80689
250109
574843
981368
470915
903748
457578
28375
136687
590079
817369
144015
474725
548724
427287
635623
497259
687074
837416
299701
550152
453611
785332
878048
936395
694479
564821
320335
356603
392706
184683
588244
992621
94313
895051
608167
131397
133127
272571
383118
220569
558792
761030
205546
815121
350177
560043
513309
978768
100054
316567
247539
825328
468044
35435
827920
828429
265119
468253
715384
314904
169740
332051
693300
333371
602540
791215
243145
662050
482225
868274
515097
192888
817733
106380
64333
649601
156165
885606
404101
947172
594076
127120
763888
810420
117545
87892
457434
337453
554077
744070
326286
447201
376847
957546
82248
292015
266440
959672
627249
754731
730953
559865
312319
521148
458948
357565
72254
999559
391690
30627
182869
359259
662243
585462
139909
685480
416396
338466
414828
753544
108734
17257
544504
134067
180633
496382
318177
438670
530214
621777
899587
630595
350358
63591
714756
157773
645169
890530
144221
132158
962446
687481
299633
759823
453269
622354
418310
924787
396924
297737
235174
924528
58966
909835
427396
63352
450020
815651
596901
36265
386675
974159
993012
989999
508143
730639
877340
568724
258372
61368
931360
662684
834396
102920
34741
877256
633787
715288
215187
829942
785346
33158
518432
877447
807070
820041
981610
484979
181984
272014
209995
278722
815273
329293
617002
582464
428519
142546
490609
778771
753386
253305
865562
212775
464007
928258
617778
481558
900021
110773
461425
11797
420032
797475
44101
360499
157428
635858
754096
825540
638085
904367
977545
605648
678294
919470
226685
141032
118256
821425
828155
470757
991547
650906
315986
445466
331069
893174
634992
296708
516141
875128
696503
184870
525170
298808
811960
139435
890644
657278
49317
329787
438638
142590
545608
476903
622257
669189
508838
362636
447658
402235
553351
881426
299788
50625
615658
330225
879584
575072
439324
935499
244585
890214
105063
860538
18573
407453
197244
376918
712214
881069
776614
615260
551630
750920
502965
371026
299372
445215
156675
493618
663929
376463
911395
789584
649861
262099
299630
217432
844763
655953
624217
396317
833799
884554
696672
2154
485232
819632
361205
269158
394116
8093
298488
776396
427595
288454
174047
700667
91668
85391
576798
684914
192349
140005
409099
653886
447265
299796
947410
235277
612511
231124
322042
841166
265837
586098
49825
114000
790636
925026
764011
656500
15101
657432
739572
470113
505540
755882
469919
681974
160966
832075
488062
757733
407427
950602
830282
460109
38657
13405
961670
739662
116774
307883
210417
966728
351879
914642
98617
410423
693347
813531
816904
687733
65664
530295
460215
158840
196165
539398
314857
823551
728775
89274
461362
11938
268374
623003
513795
552984
352053
433284
89729
30457
194137
27369
26822
770084
754119
61963
90813
158564
933091
418263
938511
977203
567040
352044
599855
934866
780014
660136
348167
651497
285918
913252
296901
356512
81040
6093
200611
853052
940387
305822
342178
484410
8350
9832
391244
405148
528946
744648
545565
967010
658800
260537
702261
771916
47668
817639
288247
778317
415664
32510
953923
240873
52285
101255
883542
578917
631047
200144
40913
818673
550281
940081
430408
654999
896133
588685
308645
947707
179632
835556
244038
790373
284804
862818
70140
592532
389557
61943
539229
460155
562115
583806
595768
428884
885628
893139
862591
688566
222840
65079
441584
807877
702772
804202
525368
429524
774644
358752
589517
22075
163007
887517
522179
492155
451815
287400
317994
708113
429691
587622
346607
76601
360530
927572
545639
664692
433830
666470
271818
625265
160712
961888
769896
540467
121086
134482
288224
184424
2027
255007
492659
753476
294208
707921
451745
190169
878410
132910
928775
511945
106156
386344
584043
460871
657426
990389
920073
69565
84203
46740
644228
14623
143343
112289
813067
66286
318226
678296
236672
300497
453045
843923
232600
548127
735097
210926
331342
30389
293901
91092
322415
751496
757451
975159
740584
585082
23266
322862
841015
806283
772864
781025
877071
459633
394789
747190
47223
304839
920967
346161
531954
977014
782635
926056
164274
687600
124045
53697
703321
682213
326518
645213
696678
647163
937690
205692
293065
289013
336534
616724
901582
774502
921784
588235
312545
326883
883284
19587
27812
935325
657289
453955
870758
796349
327895
641003
607364
117495
201266
58025
847419
959759
840962
356671
617327
120717
860196
580998
739173
618856
15212
226020
676050
205931
855704
119937
256413
99162
844735
166982
888302
997518
537237
142250
980181
568915
691719
484801
85552
459995
794702
246296
996468
583904
493289
956089
345474
488490
764937
971218
568902
457593
623733
771861
944267
565316
353555
480650
960462
983137
481047
673181
587867
261007
214562
949308
294810
386869
302298
300994
529273
980093
629426
257165
343040
598605
121807
763225
17744
454548
573269
996109
181074
633914
476301
331906
952201
667299
847680
439199
42974
402602
222693
495560
676851
348850
987504
431573
788560
696614
638287
562530
66332
164132
607902
187531
160993
184414
10717
180344
712635
29943
111422
349006
572704
937172
494064
173053
827564
23284
259630
512874
886055
386798
122240
389083
948224
719782
721600
33383
198148
885692
823761
370394
542434
286811
870406
711245
911431
494069
719628
476497
738147
367959
416913
172796
778243
587632
930813
776689
60198
173272
283047
987825
633405
304265
170710
400588
437387
505061
245340
931584
824107
38459
280097
927259
995321
520138
213966
474060
678889
281950
652751
524163
419916
979721
295197
618300
877062
308017
187433
534474
961084
810320
512386
400524
736230
221791
884859
608551
192817
132311
778777
279918
654369
177760
694563
400378
355050
605897
330361
232070
231594
574584
251829
681981
34894
422410
457105
315372
554012
204925
412866
662139
492396
472929
380954
214716
356995
210257
769820
12818
893020
219940
607742
872984
966387
469056
305594
180602
300921
210472
204025
209776
458502
887663
240400
189382
157035
615772
317856
358915
670034
726768
705220
516587
8992
941758
602322
341471
956561
502314
722141
888382
951889
355545
316773
823366
983830
343532
315595
603196
156624
210927
609219
188116
496364
338640
652530
854679
894818
429064
476058
858475
386844
81115
233535
953860
440732
954982
621068
339113
22331
459546
768636
232653
40136
217462
230028
130448
410149
793631
996097
569608
685414
194645
616850
739278
298873
552439
600253
313093
135137
623001
803007
968187
296247
656036
774205
913180
542844
856062
696099
53195
727732
824854
55705
303226
448747
607878
335248
376341
870165
379205
677832
872452
840839
859371
2425
235395
322242
318974
783492
425948
380017
376634
29172
588478
155624
592670
268985
908134
928087
944443
724260
647123
666328
535842
681973
741327
812005
22753
988557
776320
920353
828795
84396
366881
659365
383127
405643
465183
793818
785130
54263
752335
867618
725777
60096
457798
771704
455454
771890
24367
350094
180964
364122
138580
32330
903186
264401
204294
332293
205172
243907
647541
955638
389878
760118
17079
203264
875175
991857
411248
824478
379491
846014
939289
61128
424316
43988
214443
967167
732079
767707
810023
70741
613802
767529
679392
485182
719421
706777
635818
460952
258301
894856
955466
272200
782725
607918
119498
292146
242225
242620
454046
20206
355095
45284
216556
635355
663691
51425
391521
594371
366108
294377
502799
826521
789543
616794
411697
753772
399674
770817
237088
889404
621152
903064
396444
752330
307139
965008
725866
480828
565317
727995
357943
390628
245733
767196
955239
243568
556218
105585
494347
420762
710005
194228
309653
596395
37021
430414
49194
271065
885068
55132
410957
202961
112241
476106
75815
476283
66460
148397
194180
290068
12256
367465
211143
907777
830311
622636
859149
345174
715614
373231
637314
465928
722459
263586
291752
562128
149068
849133
635045
139685
960014
288602
216931
578534
489535
379390
488690
275632
292534
297220
908516
454367
63022
656336
189914
392831
10933
403224
393093
166882
848706
908170
434599
569109
586610
170032
162146
245113
520363
631303
275262
233722
735836
217033
809475
557587
76803
257018
972190
594792
93852
183002
17372
578661
700578
191274
172681
871878
524479
407935
445239
606848
651055
717388
170520
583118
535528
902131
393166
325461
414640
436276
382985
402835
206321
70293
142187
830083
62481
129203
263700
443086
12389
602346
399056
322474
204115
108508
770689
180573
752633
762272
494104
439427
939508
601782
244724
530639
953149
978690
143420
300750
501578
197210
279567
819858
582691
441233
615336
744068
317254
336256
779243
357847
688861
132302
277189
332344
328483
608221
864042
271685
397702
541433
478028
98088
559214
362675
744332
824311
15948
84355
726142
801078
242238
863525
231574
883559
396055
686203
766624
518121
128061
531635
881525
943427
223448
80855
533568
379573
797821
9953
365425
24756
835247
332273
875150
987166
544101
680728
482055
44215
942284
336592
827475
339250
949868
96011
502095
486028
204558
526676
571534
98019
975243
852533
273842
354388
8806
623970
521008
732979
360150
36890
110548
900517
915262
470436
112391
497746
891087
868386
5968
388797
644961
951860
223813
830983
820072
965839
932452
794452
656419
432658
191822
865798
146899
499456
98351
39307
911304
414986
630855
620697
413125
958468
338386
402463
643116
728227
527232
637020
605742
501979
366672
106296
987868
901548
90749
557472
86060
790724
115656
192396
316454
479675
920094
99035
303402
723295
583510
843924
630439
167822
253428
714941
875097
328682
553102
743555
513344
922445
127913
542707
665841
142784
966963
747052
754767
5450
949026
395310
206540
75710
193811
769751
475647
496257
514161
190843
331316
505718
535551
104111
337450
816962
371957
540676
56000
868922
203370
635188
68277
974023
915893
918453
629749
350058
126716
937080
539087
482394
750007
212272
831493
353042
602440
789118
588701
903153
699777
995697
976437
954291
79379
364856
129659
854557
663420
599212
561194
418339
271434
913750
620061
484147
164645
242966
732701
17135
488438
961441
682531
597165
571779
707492
887550
120399
266758
293715
103969
389269
229397
419135
366048
726627
324743
610271
629289
591924
382946
457039
692109
451441
110136
721728
488122
61862
786617
786949
841826
193355
537369
148106
298940
869184
267737
250220
839274
575451
548590
353922
132840
466257
653883
977169
258956
23039
951953
717107
302552
350404
763435
647886
274816
577886
517015
15774
792226
655653
881661
199062
31609
371348
579047
579884
2458
566426
514217
501610
538685
465385
930658
802557
451190
395697
943937
203819
459622
733853
734048
782785
228663
871093
735247
513796
959794
660753
662249
23374
776587
247169
998172
269306
812560
561369
380924
843860
789472
667265
161536
132124
825965
614259
552900
888673
707009
268994
310060
433460
970867
6194
677100
29622
716937
883573
762814
820344
171643
284228
965890
670436
607688
785347
110242
61504
805896
839942
160657
909198
262463
907931
831718
705528
840119
655195
346052
640589
502270
987550
452089
156910
45965
992816
497552
439850
366721
574042
444823
789195
34855
561511
776979
112031
298739
808588
885788
530731
665557
771120
631818
239578
499692
642020
918485
390078
341690
248986
566456
552497
367113
127441
980557
582154
898888
250620
142091
973999
906150
491758
279388
65625
715394
215700
48498
391327
990025
172806
29919
781682
7494
302125
953294
253293
429828
709845
623629
889295
706010
545235
594469
17073
58387
979714
185990
616952
737163
431302
599594
657856
62063
646577
290618
254533
590063
459254
412027
868240
720941
724527
880523
645272
938579
641487
511305
319520
79337
19057
618019
855872
135643
334375
117876
103324
69361
164737
97807
473208
594976
980275
835667
57436
439289
73486
84115
755531
561053
960071
482938
902564
850221
784068
817168
446859
755366
8385
632819
24464
542596
61459
462053
347034
253727
574735
287753
161508
859721
890986
318018
187816
167019
824621
175272
702945
220825
929505
732371
967375
901607
272015
523741
903358
878269
37963
187275
329299
466307
363693
114611
570551
46106
843869
480604
945667
16631
416260
200445
473626
560031
407734
355767
837734
71945
890354
279727
979804
69607
428642
147325
90713
969373
262705
216257
662841
794
931972
369659
156332
216782
808927
653964
153287
637017
385467
258658
584073
343349
659280
726205
69528
757118
720661
580933
278249
359410
367684
634728
988286
833353
824319
115458
368809
46571
2890
540856
486741
801767
922067
33855
905188
53543
665739
322108
917500
393096
475763
43692
892883
663423
715308
8638
161216
953816
422669
940568
194386
321551
232970
893666
564344
50141
646958
60960
185846
761283
887116
330646
856127
768364
144997
703368
928767
510105
321869
28343
340698
668862
508628
833723
356353
252977
841331
490103
81498
297344
50329
909750
607870
927258
818225
688155
17631
876191
365581
705225
939409
307115
151611
27478
181643
597418
633688
655787
126083
461714
506407
497573
491239
364141
6531
443934
934408
160774
118053
980944
116371
662807
678581
149187
735696
865223
806296
182173
928671
352891
30035
854416
110896
763099
685331
231624
595579
888917
590427
489632
101294
266801
673845
261026
675517
136281
109725
501567
108930
201970
863207
361963
530171
714956
988130
733021
547374
817068
681756
690920
124543
408063
112003
942593
767017
725664
263131
254016
260291
111310
328260
144336
28032
330863
656997
369078
16871
287231
665913
768682
440712
164370
831766
252052
28794
87387
473685
719236
693368
471209
725887
899713
17916
475198
468026
299009
8787
944134
727330
511533
407562
58270
303274
652911
393255
230821
269611
475051
639367
799791
596670
541703
331736
959278
659811
492569
144315
839472
925325
26823
650323
542397
643307
21299
676212
761382
437074
439998
602264
517005
150754
903204
92723
921169
878437
731998
894963
539559
918962
822678
148578
343092
905232
688441
437499
825060
944388
873851
474680
321376
595677
479531
447196
734188
855076
953938
368331
859083
454758
3227
550669
771361
598357
917350
182902
984498
218142
9948
934266
520785
393164
655521
571633
463991
832210
885676
187838
75213
430794
295713
206063
566920
543420
561188
964427
856330
632713
866014
379564
574888
782269
898634
222785
367802
947067
603834
413304
386177
256710
580013
963160
259727
45352
270761
99762
168774
517722
57510
364061
633427
812559
717746
56703
806090
110285
175774
606025
372645
589116
611927
691781
953246
863127
542236
954081
343075
346814
557322
451681
856451
448365
391662
576378
427524
793484
298748
414151
948276
798999
23910
892609
865340
677621
509730
763770
771332
753005
21623
739307
280271
894175
399599
667259
219753
883174
225877
465270
869239
908012
88632
240544
705823
295906
836739
612970
696799
630677
751386
576453
238100
644016
963859
988238
198626
378053
268822
307046
311978
206687
210168
272645
92133
623060
711303
667747
114263
19763
806763
835226
774122
982475
172458
733811
243404
70128
724597
574348
736676
221296
224301
713896
100671
652481
992690
453197
639285
311719
170101
280398
609747
482129
829634
344773
638326
540903
436258
97314
445973
872463
605792
424258
759896
628635
883473
770537
340388
702586
669882
93246
672219
66664
538368
235354
425157
281694
204637
441596
861988
29438
656927
329084
662173
40046
905037
523298
432771
895921
459167
47874
636681
92982
667261
277789
146280
476184
541521
286760
153369
480829
750684
741368
303648
919476
792838
189063
696571
367819
273715
535794
937491
935920
289346
197726
684484
15922
348465
605795
82495
593094
775591
644806
424514
775328
53031
899472
266454
936290
273935
85058
245064
980548
425510
188959
17642
115020
153169
858339
683803
169681
159575
748692
583275
645841
556918
978653
509900
445942
526272
180296
793681
842321
995906
814158
108813
971707
778164
360071
442651
782150
951439
436891
173732
800303
437861
399671
887979
320373
760538
117292
90239
174352
126545
852920
6943
462704
226664
890549
71877
83879
105550
658025
614590
649016
335771
22687
396126
944652
435338
191180
699271
577729
485034
659235
551849
67055
730489
986440
552436
971350
525116
609486
168840
817957
675671
192957
895438
779160
241450
954862
211727
892299
235953
990665
606982
301472
718148
557738
824665
994572
907123
701916
206539
827459
962567
472147
72676
577914
140117
576006
670079
869980
288550
480514
118647
364485
897329
257975
762419
38620
852005
934447
822188
249960
292618
489111
362358
904777
469933
674934
325677
98325
606580
307868
266140
98765
585702
430499
426660
518937
455072
202880
520798
204594
616900
842273
439313
646036
846347
698490
973883
479169
236868
260922
599633
177769
66123
343108
38533
953693
996301
220140
378899
813806
865801
50442
221538
468706
484503
938231
356535
682598
74898
300768
85164
587534
50353
179586
493343
982215
373042
456176
300596
141826
825600
239596
558444
110784
110379
55032
489115
518817
305123
757355
598392
301769
806012
584552
518267
608036
796969
973169
330655
364693
911921
651615
423410
956327
178701
385886
803186
243896
492172
808106
471103
106852
53722
968719
380364
430716
49684
848961
21615
993503
354779
704786
562807
15615
888431
833185
895358
129191
802828
654341
705951
208143
614826
508338
722362
607577
310879
272696
563716
610677
192039
341960
283780
700031
229837
729164
889728
17455
66559
106809
61818
275582
435114
621661
420471
510029
479111
587696
325222
141360
597475
451784
908971
87465
917459
883341
711767
219250
401582
639774
54480
711900
660035
51130
581873
496453
374927
140582
621962
101699
784903
958090
162713
41054
189570
923057
550041
679310
971108
681829
981207
178871
807989
660510
305928
768038
577
753959
483182
407534
520487
661039
983611
237422
649074
84869
26002
708659
582011
677741
878316
560858
370609
90204
450708
596647
54961
550373
418827
698350
310077
429212
562701
554079
520221
706225
813127
352717
477405
395497
621472
5206
305334
202985
453479
921763
542527
494177
426883
14814
109012
628137
546021
909138
743692
749138
189460
838782
841043
396401
702551
760904
861788
572159
643389
983241
651706
550627
822327
769940
326543
14725
686468
29449
35507
889236
419268
619541
318720
493840
929781
289092
158580
684708
143578
263068
850984
397570
676387
875095
531988
455183
624567
366669
591125
823560
50410
391577
50692
890705
359230
540987
307144
457794
430575
144459
617429
379063
239332
961898
950880
452061
767961
154021
599037
276469
848734
935216
939957
571644
871257
991521
804687
385353
841303
62666
820018
887563
225378
590562
819928
90769
561394
404128
807083
738077
698531
848690
714942
340858
316081
674197
920694
318020
888254
612673
865888
798576
357880
71574
761284
155681
675951
965020
99478
595873
162455
289618
477759
590290
271052
109880
853033
457843
999684
381516
758885
414193
855633
858147
6276
980715
70697
758219
81063
800289
20749
892306
786131
285011
899458
175858
452050
216611
892754
775348
383322
866138
755803
295439
229135
39597
74972
175282
740479
805852
253451
69255
885748
32662
50220
757444
411821
818190
693434
446680
63577
574721
817512
667922
744145
866761
672554
315037
587999
492761
724830
154574
277572
626044
969643
836249
35290
177691
403091
627044
399859
422116
627852
85194
387527
358522
830992
261038
638429
472000
211575
679799
339133
260903
455213
963277
730957
262054
480993
256650
512804
947869
773363
891423
293190
558798
602744
563796
450300
381077
554423
200352
746269
885137
677889
213607
408359
268893
287002
285804
468807
898070
586029
33426
393817
596353
667479
931250
816986
288516
895018
775886
740852
706197
752510
132631
588642
741163
600781
411831
992665
754997
33682
2021
486261
423003
57096
792553
127016
780303
422911
686762
655867
383828
878461
243290
787423
312607
750278
929013
811822
490080
609300
429798
198948
949772
961360
482050
519247
63195
902495
976708
352986
493830
321643
985777
279903
486425
219153
300031
216065
370584
713255
337663
373235
290909
160514
819233
106147
532694
142383
212432
659050
655911
46349
119935
974994
895507
533590
671916
323334
6618
109717
958882
253545
301944
802236
339580
671252
833816
718239
974468
748111
653398
450240
606242
977848
783497
658409
927385
575162
791959
473331
261035
855174
150157
488978
17565
335523
982972
985240
481814
806981
454007
894787
15654
678157
595425
897733
494341
879851
347741
382083
526244
589231
991048
487322
497793
247092
124280
710179
496790
658659
679351
618161
279187
217042
486106
904607
31476
415169
749999
872655
609629
911623
559281
663743
255391
10961
536684
564617
632400
280125
419959
922487
703087
642620
66464
990096
761782
466704
268819
441698
544295
212122
191959
454597
163266
478119
368361
97257
458664
735442
506917
269243
258928
266880
291702
389665
141984
394887
164576
909058
248830
474428
53064
490416
95869
324179
945619
548643
162958
640603
693273
612602
959280
646289
5158
197712
474832
581444
291173
531030
6226
931018
522292
817799
622594
676055
292375
446343
563233
672687
340950
839619
273242
864313
859674
204484
9236
335421
819361
735791
231482
904341
556282
994371
657373
514234
827261
60983
909960
773972
463939
335907
292448
533133
544097
831125
938775
745901
19734
429109
594723
304164
782710
463946
537614
771116
453357
817500
433355
230719
893400
37637
564837
200530
456900
321036
442726
751350
315777
847810
509420
231025
144545
951940
486210
432150
478530
438600
174599
477325
81799
858241
498382
234869
792338
277139
260836
747440
24062
639434
594595
83924
811791
526004
461993
414614
83856
473858
884544
244969
751564
760957
652997
966899
369214
18620
772990
239040
853549
144673
236398
514871
33643
824166
326064
323250
202125
678223
153967
209067
370860
100697
389071
328881
754957
141286
23690
249252
411512
271144
925302
797723
560886
998469
222465
632829
931528
936637
501312
367351
8656
977648
213818
409864
362928
886096
871438
16802
936346
209100
800959
78319
385426
345515
236409
9792
635694
714179
325310
971686
866172
697825
894618
308077
186330
216444
638504
558506
599907
420647
480678
249439
150151
879508
912397
933229
73693
46277
696200
773479
546460
828367
954238
239357
367728
518517
787023
64459
797701
674180
481286
902076
474749
507096
743970
732880
569910
430959
332154
966790
436956
551850
156652
107670
679410
85071
85451
106009
533106
698174
770049
558810
796928
787742
834438
980581
327691
507794
536676
613078
457818
422568
653440
334249
553382
855010
9458
195268
831217
309240
955849
813976
218186
257291
80788
745917
169466
207434
786082
734781
218847
609567
576594
759490
457223
862453
184766
752880
200697
526893
288131
820532
882201
378270
827331
142424
712307
44647
554817
400706
774196
271761
146917
310145
525002
929911
698529
269102
856469
327879
861250
296898
568144
129548
831990
259499
611023
936240
708572
298548
200131
823333
499455
807587
789443
642748
158093
21240
195020
798782
579007
528274
631661
990667
213487
427547
957045
393541
904208
912813
612215
792791
767663
615992
546727
935181
766788
281033
929218
349843
404095
519469
923360
420093
390423
271471
484345
778966
755761
472542
289173
38389
926474
568136
216109
583414
576076
874964
829617
794685
45420
79796
519714
182761
262651
666806
918166
85824
396104
970169
117327
182108
988547
665415
947073
925683
986047
279829
264397
88869
965707
89141
678964
121473
489584
159412
112636
605359
931796
341788
988830
428566
176775
871313
578916
642731
200093
85386
617156
512162
930940
767585
610368
97673
829857
505980
500190
599872
83834
813294
512961
234745
823131
589769
277563
181038
523470
561140
963688
764636
212653
402775
344250
22084
878910
336970
290179
454532
201092
99881
784531
895066
256052
21205
33411
169434
525829
688225
438671
811408
385305
495797
540225
199712
509098
455526
253234
865990
629030
460400
589703
50883
249618
122732
719997
538367
59687
485842
596049
833762
366814
925226
905773
575372
927952
939133
955528
90287
172915
465576
437101
678504
898103
687065
33725
85450
928202
620396
490468
782037
264341
922494
860657
49746
630600
766473
903514
269310
91143
662867
437028
215991
484360
670432
397199
844603
391964
434469
448027
118761
798055
396931
475375
851748
156371
85576
502661
992149
241969
671061
420831
13809
225524
227271
596343
331860
363937
494923
437876
630380
453285
126064
127444
323587
616342
207476
445698
885181
915700
863023
571575
95259
900713
404469
171125
370444
58756
435423
17712
624118
922914
496569
331180
387079
664150
468863
651817
566946
802921
873525
961506
178630
71395
17571
106243
516854
630033
701258
410273
992784
656756
948121
404488
695824
897828
53988
309041
510364
726239
165251
25502
813804
135682
115547
736098
286999
290849
343431
197385
411465
344913
464320
975539
633475
355341
15376
713598
94645
55798
981964
628545
418935
67259
112032
964746
776375
790490
334825
104283
927759
720859
201946
23238
65809
476138
866685
539880
408122
565138
104098
939514
672610
373564
707431
208670
576512
685385
565269
288985
225889
452155
995227
20873
701440
412176
27711
52354
919731
489090
213489
525369
190013
448410
4113
13426
560749
43562
508376
380790
200871
452859
178793
930080
860841
161753
856399
141007
846047
758211
759034
991315
102129
113379
210574
673930
510680
761999
248791
941058
514805
502680
187776
241973
8785
910436
309709
167171
499741
278056
122446
585194
372361
750838
520491
137721
806550
305718
575417
234953
511734
918609
675355
179388
137885
785972
259715
958506
247787
770190
673328
194403
427080
766667
367165
182548
726496
820934
16304
674008
187748
661983
92071
210620
460836
394314
299824
343106
28162
289645
746317
568077
10790
360339
114233
240203
171899
962470
951749
384509
765782
295411
193140
913022
141378
661373
212967
183119
443613
375386
66525
969120
375375
858812
864935
288168
951537
6793
492791
148762
828422
736084
176916
905601
198476
768774
597168
787394
648678
239980
16943
233945
120371
208138
852180
449471
698422
686888
221851
542993
544908
195485
140123
347807
568573
564480
934342
73362
804547
241202
122853
300791
38865
937294
80502
988607
950934
860499
141187
824801
951442
641989
787567
296375
450159
51264
747085
333218
379194
310011
331009
494602
439005
837985
982876
650016
61075
218608
134951
555143
457190
777350
546375
708756
586410
995003
384292
899529
30274
535420
347885
171461
993361
395094
46510
177942
26970
245855
191281
24433
476741
856904
268654
929185
763055
548044
885362
772255
856337
758306
840449
640810
849338
791926
791353
33302
754133
724192
805888
227282
144351
652686
515494
356080
59056
429393
821432
196292
427853
876559
888754
223952
657199
674723
703470
77632
816392
602442
744647
767835
69327
932813
493422
940430
59242
336914
411170
616651
917132
252126
885252
678372
522416
270539
24417
605726
702940
333254
387912
973660
738941
131950
89976
838573
747677
877185
837471
862032
347445
35640
827824
851581
549356
437383
176000
792416
960172
464156
344264
429667
474941
688398
568238
415330
559209
777610
622404
891117
727379
870076
842745
791067
462918
17755
730700
52929
637324
660722
462214
424575
848230
44750
577084
742389
596243
302047
723169
845046
615436
85382
934661
113387
933220
188773
981232
588751
326584
962485
788519
710632
221580
624098
668730
720065
352253
967
984766
407620
307191
968070
430891
26807
73654
40696
957512
97237
848467
993391
261697
638407
635555
516779
394271
39704
540574
636354
690189
721155
903569
800423
807636
363650
227848
196880
617448
514274
801575
115063
972144
276089
137783
805014
464194
649222
80176
897737
528775
100510
983544
917356
513665
70417
88044
497849
182181
523937
940289
138960
37780
426874
516634
603033
777670
432961
829742
401926
501181
141620
113376
336894
485717
138831
557827
412185
428444
299588
120647
950641
207746
846378
346268
444509
840699
212234
3025
829004
560821
708881
743626
42947
416869
749368
446253
553907
711774
723193
821944
376272
110672
931420
100730
836512
387447
200168
760741
402418
779297
436284
737348
826699
21419
853006
762556
821295
987543
811584
420149
437895
645838
678910
267808
733484
59169
339919
196071
315893
46009
441918
933403
148192
957805
703743
909611
811152
539463
788051
618796
242497
382871
196403
928874
145623
308892
288951
15239
490529
803308
846849
86424
305279
881273
629182
342146
367382
782351
143159
269568
782393
212999
176920
761625
649179
149539
81733
798564
754907
148656
776487
192275
557631
668043
493471
645103
660621
690044
984523
168049
670165
819631
607809
362214
697035
709915
348054
501050
650192
521507
833770
450966
440631
785801
493809
618520
330129
36228
508147
316192
463698
77
646848
45074
113018
319358
652740
457870
470529
873365
403059
524291
935578
614653
563188
982704
128008
522873
836633
254402
331812
524100
416764
562020
493165
77443
580758
663375
473017
904638
87887
660750
26850
960107
39481
475611
762148
547611
979889
889763
429015
652319
78782
490677
776291
24569
635278
284343
778773
59078
820856
829644
191176
143044
223915
210420
394018
355503
547888
643805
696983
661220
422235
388297
373268
810945
55173
427755
631234
952917
559368
417803
211478
514403
680019
371761
559676
268362
417592
992772
278387
932634
600082
315241
616714
240246
986613
637990
79301
922498
259316
942518
510295
923130
95356
410601
971653
194438
779084
11391
428395
606201
12021
7628
435366
858530
832901
866243
403504
445732
625059
597060
586493
485497
729701
729801
117062
603556
403858
101594
256187
989884
770832
890133
540271
558278
964639
160295
212116
200981
797382
391433
592287
405534
972142
735965
677813
880629
983666
488017
107456
112617
532274
966829
352084
99761
685761
78699
407247
423699
359012
966970
20898
553249
729790
918497
176738
72542
940313
143537
702018
980981
495923
438170
394884
734966
530904
666512
599300
321048
630763
486745
935629
345238
541647
253261
364881
469504
971449
191765
482371
465044
400632
360547
93661
739791
524783
355403
818059
12942
510195
524183
246953
243194
197959
593148
349189
744958
86758
21947
82071
660898
67293
539960
584729
300607
595437
191500
431082
720796
919902
227959
265805
164552
751656
378038
751406
876202
705191
252986
180185
715791
374486
878960
637339
638983
476771
141124
705819
935884
107002
853840
470586
757666
631727
539845
574440
290507
467318
486863
453344
904301
165949
672086
745229
662686
689118
93223
586125
883853
642072
92583
534699
134690
288824
721720
615834
555990
358585
888083
81684
824341
845403
941178
306470
752376
237843
957167
508459
376687
334918
597374
316491
681683
501667
461955
892169
392001
382780
219114
449723
683509
656642
718409
593024
752747
687493
810838
143844
997932
780608
52161
912406
667784
546677
511981
839226
444251
413311
813049
378918
100778
858283
767665
5047
869071
727386
381281
142820
679180
402410
164893
963201
920414
925639
138635
909728
158024
312829
202526
109290
931170
23341
955659
571641
71933
73610
679547
703442
891457
443518
561373
281599
291896
298685
47324
995513
193820
132321
334179
970817
352300
534273
414458
208973
505494
464977
704516
916619
320061
586711
167330
259211
419544
504459
336258
711697
626331
340412
405475
130750
372913
582424
784515
732465
76607
615177
292645
724903
40273
916406
877888
39591
538775
599243
131258
98952
937553
390785
810629
435254
642923
55853
982706
799305
767578
181894
146574
662646
277660
632899
435201
680391
236556
218581
825663
628208
14513
134241
643205
374756
891895
798783
210086
416838
993916
915831
256759
641996
504690
892241
29540
192386
276498
623323
242104
918857
853871
701636
104133
174597
649908
510464
182302
506976
629698
874688
700482
379561
728360
285534
236367
880483
27604
654480
115446
493507
981268
711704
283370
984748
170
738276
457365
329603
479821
24508
100878
869568
128967
274116
101995
511717
4289
357042
609428
165724
114050
5285
110954
601198
615155
537876
537415
482674
714700
457240
343340
489438
401809
855998
969069
613479
518171
75082
28296
4978
625907
460054
282166
722661
645418
38143
634996
161140
694572
875120
556805
532478
393926
110947
218541
817581
56967
486092
579263
397238
371220
534935
469057
664335
264218
491840
964105
465121
118124
854476
696844
246393
922341
835157
519806
187977
175337
648144
664539
604864
433133
850230
128172
771153
956310
570281
296991
260942
687887
251482
816464
76890
23177
340556
256855
806950
285701
183054
143156
579712
397022
852518
663367
24018
824375
771872
196370
268766
936148
83652
685706
286498
780364
847729
888525
806435
356499
236456
36839
559851
932955
999442
725990
904769
433452
180438
188368
91673
592182
687176
350625
385528
817910
849840
772182
442660
965760
914265
150360
346022
965383
711439
521551
622350
53272
353418
353653
209475
287290
503676
354510
932288
187221
136903
827566
794647
227727
558189
405464
520599
4127
649541
391177
67828
769917
264865
994027
164296
397134
592974
780206
912328
286127
746468
750666
438355
97267
770712
758689
375719
859680
830753
920382
528812
76039
339544
511466
901778
170229
940671
974755
700831
164836
439419
211344
471422
737351
222143
121746
458554
39668
410576
812154
645847
605168
741281
883111
962761
551488
938011
799147
835852
45951
17281
392781
111280
17421
37967
312394
149224
923180
946750
520047
724148
243858
295078
723742
62353
244835
79095
852469
218358
941248
5778
526682
677325
188714
562859
323489
283360
274352
836556
