834264
765808
754103
254837
988736
227264
376429
168734
13635
494533
131675
720323
304532
201012
150953
954211
713039
89086
4907
67717
154092
886513
529994
687866
56538
39225
530738
134479
77144
571240
611244
831032
325299
653341
645892
227541
563988
590170
321027
950066
258227
672352
665422
871048
206083
67067
187037
497674
654395
83722
883481
508167
733306
604683
315682
428206
121876
812516
245085
653636
531239
325222
717879
536856
584257
48430
339754
180612
358255
382318
502615
519024
179519
429260
295105
350880
77475
453170
939712
453646
391987
725070
13484
164451
44227
89825
119321
163283
904788
815719
349322
984540
984682
934717
429568
175195
214998
149105
588165
94202
514613
278353
117264
989573
301181
829032
236857
546429
931469
478309
169576
183027
770450
56082
606905
999021
716400
453900
444659
573545
183188
402556
537257
871381
607241
200435
15911
318785
683349
461136
187514
817193
972482
70725
691356
258730
83972
199418
685794
454733
686365
121891
965810
864473
935884
36597
763628
305805
906899
568212
424160
448339
280237
667035
647618
324308
441615
455407
150560
445369
159889
699246
630180
654873
131102
410156
790741
693211
889005
565574
837662
984149
471977
293040
864635
258984
918508
107081
940297
527307
669237
621838
351373
452034
443865
525027
832133
725772
493106
528911
42008
44119
77246
801345
203136
587366
419673
905211
139659
932932
20010
297910
349261
29973
233967
277127
102868
550317
425552
203555
943746
95637
328828
776511
571396
394069
897578
48007
373370
593860
472668
386715
284871
495328
419324
676655
335963
792690
510598
786374
82027
173532
840424
514809
920258
125627
246222
399119
697153
927031
448459
812397
964236
148934
163110
997593
21191
792280
290892
610478
242142
538436
402825
648983
188095
479566
297392
424164
384965
827219
649703
741514
201204
744470
357930
415983
554987
384178
802220
89551
301118
499021
572872
207237
562433
522611
70996
714917
947293
752732
501813
775319
158517
607777
944662
284307
185352
123983
949694
486885
967057
461640
533584
411868
903493
517658
705500
69694
27843
691809
954958
841698
386110
995258
404096
46030
388562
84035
64700
793216
862304
882636
473579
935680
392316
407010
389137
99357
685249
949893
859754
743484
250470
187187
383138
480465
72376
62492
980178
601743
823258
321216
493000
758508
838406
277443
258674
897613
595132
551456
459470
555829
921489
692860
32798
621993
737282
385262
334711
738582
245569
466441
525838
909700
830326
977359
539593
770219
920998
838446
58753
264864
300720
822616
638682
348128
287262
492536
457842
227535
817650
374512
774236
804887
623766
971285
398851
91624
331886
429233
474873
909990
566532
380206
631413
935979
840450
214499
358315
622519
848387
997725
232534
142230
125736
95983
238957
601629
58739
423875
109987
965235
669983
304890
481463
480119
737927
227137
86500
30604
593375
111076
309814
173516
16521
822539
612956
759724
124266
808227
80873
268307
664236
223156
338693
927509
498095
30926
382188
214150
638737
168850
887109
378342
419664
655593
843631
230220
29294
394272
460824
868178
522915
639153
416850
787119
729851
455068
293971
836476
313646
715943
305913
348635
73841
562211
463053
669869
333880
246616
948921
169467
202651
735180
973153
953119
620011
298600
390748
997001
917958
966750
485588
319002
299310
847511
909910
960401
309667
289957
184972
677221
650474
150562
58689
599228
385381
982068
319294
369008
929763
50296
363966
475323
19226
941644
457117
378245
612146
320222
292528
867372
317316
123355
701964
607867
471251
834250
582225
688816
451771
464150
131670
652963
386224
210185
587083
718460
639627
230525
80246
621344
235124
466099
295849
787509
940374
870197
351935
900012
730499
860379
880746
121874
309040
76720
525896
848752
879886
153447
385833
916057
520228
858608
787672
353949
77874
595744
171893
815672
896862
864186
618560
486966
594706
437924
444064
851034
579765
687677
942603
801647
962980
950616
27215
946181
258973
11318
244752
122844
668402
964713
149588
695199
620122
862443
209934
203285
147186
260500
970618
917064
593738
468662
435891
25696
213153
661317
580808
231622
53800
805357
975019
462619
81028
699553
858929
650510
817579
40673
676488
677340
726236
121416
602622
474228
439804
202465
547247
650885
349097
86361
934508
790235
588631
222523
637433
763277
72137
685400
631156
300365
311442
339438
10492
99087
188975
72574
50672
859328
125445
193395
64479
62999
307657
303862
717365
257271
796368
242815
951861
422164
347971
503892
192291
228587
821023
254728
699032
410928
767827
422921
876281
20154
663729
583431
448273
339847
333101
555724
136289
679362
577811
968076
842801
341017
258600
539562
428408
791278
473270
466405
922462
657302
671292
857884
419120
306913
440494
399200
931225
416836
156692
116401
527104
834267
903033
856406
976515
746335
897170
770268
60725
942595
553387
882555
365942
999752
494941
903926
711955
32642
374347
97533
199053
767618
292262
159422
105839
325148
799915
367914
799020
698420
606732
698621
933476
2768
221415
731521
603134
989204
810122
325956
225429
859012
229889
617825
305732
442051
807050
415863
167667
471798
179780
584869
510661
654168
24169
415162
685463
834316
497991
400053
318649
967711
93947
471259
603777
672385
449689
51906
79173
156535
835000
818399
237213
389043
109771
752112
136660
257833
316839
121939
365748
561524
958226
7660
66236
932901
391870
862967
110516
904480
283406
358229
173378
257588
477498
250237
67324
882483
489486
817803
935821
355868
445260
567180
913404
739862
584366
811824
232620
840033
742125
615340
133376
744782
993401
774749
599796
51737
376661
19345
35641
310944
223942
344501
229095
105555
234843
271236
414919
187121
105264
692314
840521
617703
660493
757789
154553
622855
936757
739832
217289
115062
2605
955695
123001
318451
806327
660141
422195
161741
438095
777764
570693
297441
717968
39422
771479
739472
267376
638703
73473
549938
770919
790398
839322
927880
864117
892160
963120
699815
692260
383728
72044
616931
560865
369151
905933
808702
495695
341954
426591
107427
686944
232037
275807
559487
971481
134162
522830
552613
36188
254802
248283
269113
846955
7037
477967
886945
790472
542308
295026
303169
893181
256798
926308
722043
502998
65957
606085
993765
120323
121598
616518
800522
274349
539476
118166
790284
83649
658791
240887
84589
268343
129279
326909
372169
465961
587498
449611
334635
849309
9998
437584
859264
716911
75994
813634
726490
527599
855123
495904
367255
970549
948892
435676
852241
234341
554026
694118
633091
164664
576021
945931
729655
616128
706611
960701
800643
887586
760584
394100
899446
245699
70992
357760
570787
74154
434518
289699
754860
713901
766704
547592
154472
901551
273339
579746
826329
259005
765253
389883
843715
722967
887364
736677
559805
725105
477444
789277
241627
344838
132896
957652
623762
822491
122048
430491
111316
345745
513003
718620
936544
879590
706678
531733
608668
394530
353281
82392
790045
950356
592109
701066
486196
54982
920805
172714
436565
366156
134779
741345
414013
685132
99277
631828
14149
157633
512829
765575
565286
899491
944509
568066
289938
259354
867570
48182
156658
56351
336610
8341
819831
25750
846449
449556
276692
134362
555583
606464
86769
477045
899264
636598
745331
826422
771507
779498
452850
281450
37607
918337
648204
810482
454883
179882
960786
558878
632533
82428
580198
889828
703776
704009
875079
905539
494561
125644
903490
65720
46444
133678
61208
832748
304213
407886
898240
674899
221777
306136
523283
944166
481805
876789
671719
924273
893751
912264
501487
299079
858660
211814
430996
718421
4683
600347
659936
403748
379646
377218
287008
292327
239120
626101
651432
257750
384086
133800
364573
520640
710081
986975
95409
755625
265882
107365
663257
53379
830236
214946
229033
930519
132657
298986
726180
111747
794700
868199
81558
653344
217180
890007
447559
185739
358183
297808
174138
901710
95857
719369
229246
920242
945706
803870
546858
473497
353327
443956
274490
856538
998091
591950
488734
850512
510364
201998
588265
363351
676687
954236
911742
844262
795698
567710
525599
995248
530032
327049
877809
170860
960881
425396
921968
252048
822336
971290
882913
860039
479222
560098
28389
689273
489685
767851
372201
971240
388363
373192
135989
581272
892035
177713
908006
801170
536956
723101
268164
361114
490589
878834
363362
333830
747563
681762
166610
246696
950985
598069
648519
397284
448192
486056
270504
748197
109924
336507
629164
519293
28220
90821
749011
512173
45645
27137
279576
375586
69114
975116
206784
741268
293096
146886
738512
951839
263275
677507
171466
240709
34277
535179
377049
42143
539312
135283
189120
18748
412833
546928
691470
944212
414300
93958
567655
358490
473300
757596
326602
988936
489765
282746
311150
101826
793111
616184
399363
783275
263800
567574
412049
588448
519863
990445
307694
810845
951263
747471
388086
856940
22924
23749
172163
212358
998770
941801
549216
404829
792451
880057
635504
365909
40540
679339
852970
331379
581332
424350
132332
854794
752626
688136
993805
448492
242955
156769
750477
747475
882395
187403
655411
872706
399310
279868
642266
800963
171697
591550
563815
803237
994129
647767
797562
231242
349800
137756
834505
275563
961933
186683
868575
397023
835614
990950
94119
688966
716142
445185
317812
188447
31764
681973
703073
437037
484700
258072
416555
496527
989127
98025
514663
709344
596893
426081
627593
188698
420161
610764
126074
390119
818025
41038
146476
103021
138111
31097
794865
542037
334839
695986
922135
355385
135793
770927
955300
176922
158455
25518
937628
138973
946700
707650
821509
878618
374511
808404
286322
328907
7545
812614
54298
215720
17823
933212
462628
332022
634042
358399
673332
586439
657409
933529
345871
153697
833965
524129
215678
996275
719068
315657
447713
99041
253976
618262
544828
308197
407338
508597
476947
471552
580111
138315
90256
734957
644790
824552
926939
232655
133080
363850
30949
483538
55784
250772
766191
611930
680605
399571
435945
96503
78410
187200
126301
936689
924211
457829
48363
743717
72675
493975
402733
244606
574700
117779
827946
739759
332767
506264
364753
271671
290342
801452
365797
842396
996396
699703
574160
147642
756110
200184
822268
249576
644774
37084
302607
977984
22627
474675
555332
570992
43147
853331
829244
83917
985481
515771
257920
884603
397310
217723
907779
893217
980681
104668
292196
853317
573271
881328
350114
837809
757057
169983
104751
102167
33993
998105
516448
880842
426100
565303
566583
870858
706141
155535
54530
592833
247959
851311
730308
5058
661769
306032
405549
511739
593163
668007
772354
878822
387471
667003
220387
608318
517872
449737
907108
328542
551115
629134
163957
25996
344242
882969
536322
463364
682145
7299
852990
334226
375076
219880
962767
708783
107682
171390
470252
695094
670627
109354
836077
176399
633807
260984
228276
994065
2097
228711
670606
162963
196851
144430
242528
364560
214815
122100
563930
875851
145266
323905
409675
481166
553383
186515
84576
326965
231052
402210
775815
309654
958133
710579
951191
538456
379586
327398
612876
944961
107619
392477
1042
413308
256777
450066
940603
538561
220000
388285
761339
553536
813370
429283
741018
249150
69819
818700
362571
480236
60320
372835
611164
862843
459640
62792
665961
605382
68672
240335
7339
799320
883106
118513
151802
416176
230669
107405
423370
457756
5350
448255
348573
927581
529411
751667
553670
959078
779297
740887
782939
99368
347527
527423
833113
506259
787937
208898
215935
997921
64535
917525
400645
860227
807357
238181
138423
552113
276537
979714
321133
367583
194466
377162
981229
668869
296881
145191
200306
601394
843923
751402
356478
45127
567768
120526
238613
888510
653343
930010
527745
137654
842127
443736
673707
832711
945924
107094
42029
431273
123889
860956
366152
990110
492895
388989
363725
225373
483133
482278
596742
160324
250245
388105
542478
22110
818788
932668
713584
988938
544599
444309
267755
628727
215797
346437
514299
14347
745618
326357
898235
164117
631068
799476
207746
508308
312933
253172
86990
549495
773376
468005
679188
583706
825488
865094
505665
486988
879941
442197
633322
924440
341136
830285
133297
787155
363276
557778
718815
135017
845217
732318
769317
597478
153578
40777
561371
136789
225601
748748
399386
578139
793510
304300
678016
564923
830892
644837
210144
149874
565246
418563
276090
19573
481753
486943
285801
553238
631252
882880
384535
512586
772174
233295
434224
402731
90189
112143
449253
883167
826437
976116
432732
498965
898286
656787
669522
282709
201072
953360
539256
2427
856023
240916
542912
338856
116208
557323
289965
430138
139204
199187
55256
727406
94308
299075
58600
571382
383965
119119
895519
361058
88827
520953
871568
592033
797597
257304
415996
60862
126851
178910
774803
654192
753869
999753
194253
642411
267344
374124
347302
344649
681628
53017
323476
219872
643871
198861
275816
660811
302646
360788
981508
769623
145262
508170
286458
964051
216238
464112
902864
86606
867428
169147
189755
260781
613514
14524
86374
948049
481529
368344
638628
652357
46963
6430
593655
221608
671320
342374
264799
47817
364413
200604
293300
684970
582801
130205
467042
827924
748743
586573
619896
348153
346981
236201
982230
23824
918144
811378
971706
420776
598414
922218
907729
321419
66202
519810
538898
310654
740390
95208
177357
182106
494070
646483
61283
280262
297426
70954
342576
507353
532718
791186
329830
464263
18462
148510
67479
97152
183531
415226
453303
938813
577277
936753
456491
832664
87012
747914
282084
80065
509287
409347
53256
152359
926442
794480
970032
227866
652636
655333
397018
773453
848116
499540
206515
352464
510437
719470
461672
940345
561237
874282
626842
555914
271083
789804
400090
973417
914991
104282
605532
369613
264366
845582
247371
81029
204266
322519
644722
653456
732682
426344
770286
402220
397312
103407
912628
760971
919376
787766
699052
119428
524134
488058
58838
813984
856143
664501
902221
999166
854961
71432
776955
539487
982645
327746
113065
626579
844812
374357
631788
540028
924753
75316
950039
344170
618772
684784
99159
30464
707177
415924
993658
865979
562380
372976
802176
737578
978821
508044
305460
13323
283226
578765
737590
403575
366044
768855
748499
282891
422438
368230
359316
437035
494450
364852
852032
438361
909165
758417
735015
449279
433095
166955
588563
777212
253299
925370
592883
138646
301860
774395
943450
730965
228307
705684
733416
167942
604080
548874
566760
244317
7279
594910
614843
230751
103954
48082
810019
573973
453098
182694
751731
227663
367407
974031
246859
238092
69909
210891
204950
516565
303189
448994
615526
608888
789201
978516
815523
232319
408967
268573
953964
410337
711107
356454
152352
631202
703715
117509
429391
444905
353682
594329
526900
173329
919785
485582
337449
951613
511927
694584
17685
924599
695285
319233
135143
732930
97861
998894
751902
90790
742950
690070
23341
353686
100500
587842
224197
640754
622335
944348
223287
902507
88388
365205
724744
23517
929415
797792
200526
613364
401668
305665
984840
579557
232796
66750
976710
115681
999366
706027
489656
28343
723926
431387
912044
898071
716318
67079
467815
757902
173903
300785
542474
287883
174761
394422
647374
788571
294828
914853
984933
188817
298110
308373
202335
262542
748002
462718
288955
680975
654684
11393
525179
470617
52592
822834
424902
113109
188473
821431
540245
53109
401441
298746
511800
50113
359538
246546
219696
271829
948147
450967
534548
150585
817747
652111
644765
625550
346311
357480
466143
677023
336024
986677
105737
702854
950398
240163
585302
93905
400975
148644
481962
242224
663582
887441
500764
343648
623233
437242
27619
89375
18770
509085
887485
559622
270883
310587
484387
689914
434959
503172
471633
824877
770529
380049
293407
523839
757475
618443
302147
952182
134072
337007
373442
492583
85464
67396
414202
940029
370064
303655
979952
342569
666606
555702
374223
178382
535686
404998
150969
686569
483280
54377
94144
300501
595799
628377
397584
515708
690413
781196
958814
393618
23692
444185
410778
326042
958419
466795
969444
423538
724037
379495
996598
669397
316672
931501
905516
414339
509206
479991
78214
535533
767666
774572
130585
506085
939987
650886
514945
213204
202804
520009
869539
844588
171606
797773
142196
466352
119825
759868
21021
666283
795496
142060
703444
482753
408936
854213
376406
965230
372971
116479
240072
827817
634326
954222
556277
159339
836721
825656
877672
393078
889593
776808
709074
4547
519312
818426
756845
450305
362954
791562
669807
47069
964124
334946
345552
7638
998659
6518
990840
565284
218157
350038
677745
305375
937978
307032
296510
588301
662261
301718
785220
180413
283168
352305
937375
796810
837439
923733
711398
801266
845864
449662
917972
981240
969628
39523
356499
802400
275680
282195
576593
884177
433144
134901
998767
150430
763169
605063
793391
395624
661118
778841
760521
682561
756083
920001
40394
233924
914858
495178
460732
704431
127205
163862
696588
915421
999186
332573
841297
55158
942959
635474
607195
554794
198808
625393
955629
149665
597851
297170
672512
237616
228836
181061
218848
685242
626912
205531
341379
365706
809197
605581
269543
79880
307133
790571
736819
645434
868922
285368
439690
569860
800208
196625
549175
569458
983389
685199
379730
700661
987657
486421
349806
603943
690946
809266
246137
114302
771694
750884
637872
893313
401798
267880
165974
905
43300
521383
451025
561070
97118
920215
435985
314029
827274
288717
747753
13307
391837
61185
418645
808020
789627
142779
130814
855860
190465
125427
804901
149486
16921
429596
363632
148683
164256
506278
725299
435518
225646
599806
644877
656561
226771
135261
616635
991629
470138
894637
88447
618522
300641
311441
5182
468803
314095
10401
896883
175320
324264
361530
663248
705783
923842
403812
392463
613982
172272
853454
926294
624695
707635
862482
1910
994933
521551
108509
627570
348425
646501
927143
885308
489792
2573
463736
391598
226272
634308
718322
995040
511631
567100
393895
29835
668172
902603
546808
463886
645726
796571
165823
184940
666816
952041
476513
995900
17624
953894
46793
698060
934201
424150
933806
458060
195511
442065
375145
273808
935411
761310
750217
780637
632418
495750
206928
771617
445857
286206
846218
949799
800533
325488
839202
848483
833273
954549
171686
129922
225862
514121
79598
683081
801988
471623
20384
187155
736088
500273
731594
266155
287598
416531
468315
774942
139778
242349
170325
936701
35133
640804
813478
180742
137470
959891
636052
153861
580101
983590
890393
121565
88786
22212
124982
254532
58982
758148
987685
136901
786466
99685
665875
683857
304327
45724
264758
571226
460924
72886
928000
213252
977282
935371
943994
781266
759678
285446
196249
258690
253715
426558
32130
186218
132832
152244
756050
306896
400232
83904
891287
17601
745524
899039
375010
677336
493342
995425
309194
870960
204230
153730
9437
752666
842597
506465
278551
62816
447503
117786
462443
847692
266263
57826
60024
722709
146758
226006
559817
228707
189900
823335
519743
72512
871404
928038
28160
87877
568209
934143
228489
394140
985201
76350
315522
150987
447602
753013
963245
273221
723949
201212
95276
508607
551293
704819
862716
778535
458937
246655
605011
876592
61325
147570
674012
471181
9153
781856
566669
980852
488863
925775
142599
969562
268389
830714
47326
650570
417609
474762
546287
756277
740439
952595
956771
234662
449361
188034
811082
483840
112591
314716
949071
643401
109058
229554
694882
773184
471750
978845
786624
763927
203973
875389
366113
185346
840959
631147
572878
830935
486177
717197
188605
389148
947942
346487
848811
990789
72811
339695
122315
959823
684629
168798
979267
600816
166399
859580
162347
555712
878554
187608
514582
66299
597198
6943
51699
9952
435857
947226
900150
2793
785405
246618
982605
23488
696908
199821
246074
339573
263004
239512
431495
700916
795152
45407
938112
427523
584191
967045
900123
845908
464219
337287
145755
143257
860297
53270
627451
892276
307852
896718
271912
389226
95070
224392
818413
585370
986173
107717
998020
86655
435688
171141
694742
780178
339516
746523
800264
553204
46739
111875
255337
204084
236755
623110
282395
704909
386897
438806
612945
758033
331474
800588
603528
10114
578171
393727
638037
814636
275441
154367
626780
828731
200629
677963
535691
178653
483110
609236
461940
386552
850761
358812
313291
55453
981704
961952
967893
533020
622579
715570
400171
995690
258818
812728
395912
905389
813242
344017
330372
389624
97420
461702
7434
745933
998273
964759
241811
717648
451756
833535
870371
860923
910323
988012
213508
257370
416991
493353
928975
548571
446520
289326
289609
164526
291876
376774
611603
741232
21062
562307
751616
996113
910734
185081
913500
985696
315508
733545
409102
686409
910644
15607
739051
368836
2362
219289
54185
405610
583717
134077
894797
170984
959785
206542
926594
486808
278026
891037
992523
409875
134932
556541
55930
100110
217532
974755
701019
719490
456934
912773
624715
920952
205016
777454
131588
153355
378361
814183
113752
460221
743462
886286
38023
208623
690176
286510
959814
325186
337795
79367
580497
82017
406258
596382
962972
692110
938490
901296
901863
116864
43752
796314
406712
346066
947784
122301
145373
320976
733305
794857
378499
202137
299249
912366
60530
450631
851316
730865
582670
74652
280981
149019
651914
392070
909555
721109
197907
292897
43973
712314
174985
896113
709729
906451
357605
313787
567590
111099
515650
378575
928697
602834
389815
590365
982364
551220
731002
373017
475306
734537
971600
892119
649920
46215
517451
599759
772222
195225
732432
877475
681660
517891
388111
882751
151979
225464
995950
127557
13199
596648
289862
375952
774670
204818
888740
272741
385688
251309
503392
250564
447579
524388
204512
508971
560809
555101
557117
178144
697444
843573
36797
280198
228038
590831
758833
770195
414283
607601
252724
749304
413666
279214
441209
219723
529100
149709
385342
607478
556557
458005
562370
952038
301099
293123
611738
358999
942700
935629
391436
564676
545525
577935
170503
390029
895703
18352
731515
942692
366089
564457
660217
861191
660996
917910
704637
48949
763462
799597
102959
143864
706194
812281
589230
871877
30598
270853
838296
907625
290776
955484
141343
866639
88732
384460
684493
594536
67753
958559
747864
692469
588271
453748
678054
881948
360104
734051
424320
247464
847695
530469
173601
413198
72523
880416
911148
196562
124887
98687
22929
233123
571520
945223
708444
513397
937166
978084
22037
941253
700560
455451
110994
394600
979579
233879
788981
485092
186479
94957
313175
235513
139406
860632
781515
387398
802686
664645
732049
716383
122239
628646
958323
526773
237926
681575
27285
745926
590606
163313
30836
885420
995640
779396
366483
48542
939980
913783
352483
145768
46334
33898
808929
409641
705713
643573
929612
172845
479391
290266
601009
765629
517174
526828
488365
21159
403269
177597
217694
692325
828632
326378
303698
50582
768929
767626
35123
228591
653602
550328
546976
780970
992008
964932
441632
349361
610174
366236
95135
650165
457022
53766
208861
36029
992593
338741
114069
740077
172424
406777
111138
307676
606107
929436
870532
984303
964458
398045
480062
584198
172271
163059
406340
122895
555601
760513
54138
392610
850106
376274
259610
369481
180508
835765
78483
84045
327283
902287
676179
452117
162856
690688
835194
310423
656131
585271
438460
433928
922679
980523
657633
50594
252779
928299
206170
131572
104384
683902
921535
433122
60754
4249
814431
694758
781214
639325
689548
63987
58391
860731
310859
358040
537915
932147
443482
720592
551151
193615
638362
578938
153375
633959
147512
928248
560273
391799
826301
413392
356644
919116
234844
441126
839616
995331
279946
928754
142456
654269
250103
582320
549806
833849
581366
560845
176254
407511
337207
853255
335977
687576
348477
718859
28503
463919
104378
604415
799600
272825
422316
814948
703447
984408
414616
587277
483923
680160
835017
695673
447548
722107
311573
206300
473707
109462
390681
857294
99280
116640
774969
471698
470668
381666
841429
185248
492495
252780
978985
136279
47853
192447
634358
575119
105766
914635
465907
698544
845008
200401
852093
352690
955525
249436
28455
133846
738106
360617
131629
235783
251460
791511
925820
94099
67967
602551
650231
76320
317167
644733
582977
724322
225010
42025
776706
902920
317501
987515
68402
187874
740344
874955
271816
717887
165679
987555
441578
576014
618557
592358
226933
268962
398659
246987
417968
375707
432325
79760
6553
136978
891889
238457
194172
944849
410446
300088
37819
920999
143990
623144
908584
296402
371653
310940
635230
214426
497448
503835
953425
750448
227443
599371
610669
780907
285962
944776
477818
550403
466839
166321
382878
39456
840773
677433
645691
734959
813898
811109
273526
731316
42470
624127
981361
320651
903665
740191
122971
402348
188058
496380
102453
45384
692418
448605
679376
345852
42319
82229
247008
811810
193815
990522
295227
537656
252820
537829
834655
689498
499457
819974
35794
704330
70407
373509
555498
612986
821272
169104
725442
665836
90138
764388
345404
522094
607738
318865
967038
112385
575406
770098
724299
598537
308377
938431
950251
947365
247237
702913
177427
872950
476603
513201
751053
418678
847186
231717
585524
702970
908273
977852
359452
794695
118505
635141
62541
628355
149898
889746
606142
548977
546267
782794
368736
634658
238896
769757
750461
702635
741449
660230
63889
963085
837323
679157
74152
889357
595533
895547
364864
284727
570676
951257
956030
942543
2524
638228
716172
594458
594819
398756
558923
79948
275614
721078
330978
957137
777762
483424
263535
340486
997901
809457
296375
722362
882470
728085
700948
722341
847243
97709
960149
609060
239746
631909
783261
314973
596838
863231
539712
903716
81026
684442
446807
710385
858748
855874
663763
93366
63971
915864
292008
352454
794749
814164
536096
987373
831980
311506
209705
152683
832154
727279
504066
911189
778858
28458
844065
198047
486920
488613
133377
483319
546277
811757
824324
708219
136216
846465
102439
134716
48287
582066
137276
180903
53016
762995
816496
604598
903694
200746
862960
420241
827607
169034
792607
348021
274874
411764
910215
878633
397184
402342
851585
762922
176828
791335
356396
154284
643218
387021
888832
461957
367949
319015
100733
912860
168295
145245
106213
424771
522037
26926
963271
448652
556302
203575
839222
424190
231508
332005
548190
813888
625136
142183
370627
805280
564775
400180
225454
797297
893262
297516
188964
998495
742623
179000
349877
137952
913248
513980
77265
587941
572599
244269
356659
480114
34211
769915
685364
184384
757914
883909
570831
495389
375610
63259
247568
128998
848577
948849
167405
286080
300881
896452
373233
68810
480658
350275
808793
85415
387
865070
315422
37537
936376
346129
835680
270024
13177
640449
247845
596109
671169
58326
333687
889301
135368
151859
161539
633127
680147
260282
380160
39007
14063
454357
433425
633324
746578
707614
565379
152408
465794
239254
491673
721588
567523
532955
321498
472398
634428
333453
348080
96250
500604
356574
750663
774900
244593
495870
564238
494191
370294
970149
903345
872205
608620
929986
512624
589623
943214
67300
50747
396868
594140
140253
154141
371171
396490
427661
108141
608871
965366
101070
424917
54864
473834
257144
442502
472091
590062
990137
404806
224347
210881
576370
550595
702149
411235
139645
436516
730828
873639
811100
754411
239207
245819
225445
699216
276302
530453
371356
493065
287247
215322
34990
337209
978639
137987
623050
323219
637761
13218
827910
57914
429816
466319
854789
735038
689806
51969
922176
463287
587205
155399
196981
622521
988599
928186
161340
917929
420409
236990
429490
735268
712034
465008
993877
31762
481263
242649
571361
626041
717562
2829
13274
444661
237277
999690
410465
993647
331061
144773
956029
62200
389411
602561
13647
492402
602166
156412
760290
576476
182544
913508
859270
287028
812782
957335
213500
344835
400068
998892
746721
841612
436730
134694
928859
79081
887726
663900
922846
560286
399840
199446
655170
523257
901790
53575
225147
758077
256638
973089
561672
183889
473422
463362
416721
495821
857054
867377
192355
77519
193302
45555
607395
824990
591692
525051
673743
757003
546673
427978
276588
444345
512001
425866
697654
266592
779996
428369
271725
933737
219252
761091
949958
95491
606774
424924
185565
72433
24493
81058
940879
694392
475153
875720
986134
475894
938508
227361
552410
12279
37803
276362
333844
192275
473101
2152
906778
854296
321034
687367
69678
338552
799251
909388
115989
195310
146106
672021
353576
109211
487449
793266
156069
464790
10042
315554
38028
253823
475673
342281
63435
758757
478842
671131
128142
457093
101967
374662
984677
708520
80507
984649
756610
76453
936363
388238
797439
527885
474767
610156
79235
730669
838193
83365
900263
324459
659655
979511
682529
137131
87275
897257
997801
790711
599138
534588
795267
332546
159637
895448
743816
387628
699848
499861
283107
979205
635385
772718
569483
719671
837106
989231
740927
661522
910260
69369
422833
222213
762404
332774
521576
662034
941443
543226
119569
597643
21825
524697
946515
619864
454128
551248
55282
311088
747473
350078
252704
375824
332803
784151
253472
985879
698447
830354
327920
687253
804232
147566
595845
426950
525943
878850
260668
554457
413790
513747
840358
790771
370214
742563
327057
291820
463734
293728
562047
476338
163240
785908
543266
295674
613806
129322
554140
327788
649280
519704
251868
69489
890370
278058
936796
175742
965200
264815
977587
710671
496905
11517
44407
991603
320279
161721
33565
636847
6141
7484
881200
729533
422814
978846
568548
517887
847706
523621
274476
913867
50376
325434
48618
476156
953483
594205
991166
178211
713883
677593
122784
12634
796824
930514
936834
84717
585392
925398
92794
560821
604871
962504
296875
908170
505984
563673
987487
742176
513603
544767
94751
501014
270592
239614
358356
222580
279137
962454
444667
732215
302922
76111
296665
238918
263530
343475
214098
535140
838281
740111
21314
727229
469084
964581
638008
481674
375165
547847
476780
420030
210993
121368
426245
274130
507954
251675
861111
718027
928181
858107
199773
741928
180018
28674
506739
834124
114062
678622
489279
559385
982144
306112
742485
399273
226544
618417
919010
992333
626575
141458
353366
629618
708195
511605
87252
825123
738783
898238
868481
435236
437481
63401
562681
576587
677240
205681
755401
711923
82826
569161
104863
919851
975552
809765
427860
218487
976117
501141
546504
1288
424912
65491
839911
887710
141425
427982
606949
896610
23106
359350
819102
408873
752433
993477
827890
104867
289157
351449
801765
668628
898060
975591
705463
836894
466708
173681
265430
73664
213178
667571
110880
610528
884187
559409
798080
436249
566774
1935
442080
455997
336739
468002
244500
562254
776584
649013
892421
507596
172798
80800
378696
218435
357512
487881
104351
33743
649490
999535
92610
634192
189790
680025
981856
518687
177970
237108
139127
899444
544744
659713
334097
922513
452024
37442
736574
148579
696238
567587
889697
936077
506561
982651
272439
271377
322180
438046
643741
470743
878071
626092
283604
593074
333661
518039
628858
714084
877058
665564
475246
130234
216205
586064
484925
529179
37346
635142
805856
86235
699371
933293
437307
318434
135187
670790
830847
123073
242301
319645
916559
833919
426896
177679
907018
722237
338722
314727
949199
387427
690147
548915
143379
185515
579588
719224
335549
125677
954869
947422
724080
241534
604003
319599
714281
816433
862748
597903
926477
885429
542814
224645
804158
1014
911365
265349
278171
340954
374210
383209
994012
532292
902942
425198
616007
30294
344295
864397
418756
921700
776631
836412
787824
131228
5633
926499
343593
675729
588388
822193
9702
350294
252423
779473
89844
715522
465734
985086
942795
38004
483559
954180
534166
908662
305552
782852
146462
956550
246548
159988
891043
902612
403981
112141
442312
699075
391179
383268
634168
765512
247449
384546
363238
368508
511929
131440
204500
250845
109986
889296
573295
233148
723441
145061
658514
999194
206977
473754
368084
978627
617720
146478
761175
21216
660990
326455
545337
789105
619457
417630
680967
494509
676293
765541
319451
762664
693998
650865
933044
792932
291429
543622
349732
314388
911940
450774
567217
247667
227107
407767
764468
801519
267721
7509
105234
752360
736220
18139
315980
500371
27736
501410
787472
656007
276228
765442
926941
520550
15022
705284
428051
297264
264290
776758
1330
400728
838677
196781
837077
402729
751184
632775
801945
312305
537880
172385
361579
919795
970747
591474
646419
711399
915356
434670
943805
126393
873935
752362
87740
297244
740485
334301
293125
394108
354139
111090
258231
78764
536516
646773
720556
196227
856434
329132
669468
971832
19360
749345
14661
640745
622928
3621
49302
906590
122643
717676
529778
54645
346897
322329
671016
694241
123658
202033
18101
264241
652648
243246
522278
791294
915346
213286
352378
738633
219674
656616
740015
112056
127815
640413
708607
574767
14871
875558
418748
128107
234579
966752
218551
183499
708917
268403
788565
93207
328171
132910
86719
394474
101775
385397
376148
997740
847761
223070
423309
223434
43681
738441
268108
832337
426583
986649
438867
202145
658132
315899
608829
492031
370707
392238
681084
214528
970766
718310
484757
598351
1566
422367
885337
943499
572804
422877
125544
779244
354932
218893
895942
309642
241295
600789
623324
104792
903243
290566
511420
7713
333599
294299
564052
627195
646476
347554
163447
699349
703023
497133
162468
604927
843817
711882
731980
484587
43956
886668
293724
755317
714260
897783
561437
178078
390902
157739
792462
145617
608107
218270
587471
345451
198248
72252
238797
990149
236527
28999
299677
346812
419459
581632
99596
53427
422568
945630
301973
72199
987517
224866
937899
275417
190590
791496
279241
119769
574939
5894
100196
505918
497543
638779
701419
344488
777595
582698
550757
898988
622445
205896
122638
825476
817578
828665
119120
406916
333848
695110
952248
680625
790843
478141
399926
293499
574278
275084
910923
566069
72644
669197
349480
569844
627140
495078
361027
277456
59889
484000
868232
771288
153729
370741
153554
61580
994475
750740
228801
712121
484199
398569
799835
634154
928624
243351
207665
417314
73784
111031
910379
375790
782523
403363
954695
295182
459510
382468
321743
290944
315349
338801
179361
264667
805151
947397
68797
437563
261977
16929
988730
810525
809142
411384
482590
468276
111705
891303
282180
92983
862177
98653
236607
723979
461802
244085
419568
762595
672736
68110
214836
452325
338262
312612
704678
293717
212454
399462
120970
718946
710069
416748
928731
134696
623148
715716
488526
113297
23550
20040
162518
42678
949657
870245
46328
261317
933262
548632
115029
935687
383518
601508
856863
433257
970707
687388
540100
47384
417437
392540
838664
496126
367270
63459
51433
373163
233431
463200
181676
